MoldID,MoldName,MoldCode,CustomerID,TrayID,MoldDesignID,storage_company,RackLayerID,ItemTypeID,MoldLengthModified,MoldWidthModified,MoldHeightModified,MoldWeight,MoldNotes,MoldUsageStatus,MoldOnCheckList,JobID,MoldReturning,MoldReturnedDate,MoldDisposing,MoldDisposedDate,MoldEntry,MoldRevisionID,DeviceStatus,KeeperCompany,UpdatedAt,UpdatedBy
10,TIH-014,TIH014,,2528,3018,2,12,2,,,,,,,TRUE,,,,,,,3072,,2,,
12,TKO-009T,TKO009T,,2579,3078,2,11,2,,,,,,,TRUE,,,,,,,3119,,2,,
13,TYJ-001,TYJ001,,2664,3172,2,11,2,,,,,,,TRUE,,,,,,,3213,,2,,
14,THP-004,THP004,,2512,2998,2,12,2,,,,,,,TRUE,,,,,,,3052,,2,,
15,THP-005,THP005,,2514,3000,2,12,2,,,,,,,TRUE,,,,,,,3054,,2,,
16,YSD-C-50-1,YSDC501,,2806,3351,2,11,2,,,,,,,TRUE,,,,,,,3391,,2,,
17,TOK-001,TOK001,,2624,3129,2,11,2,,,,,,,TRUE,,,,,,,3170,,2,,
18,TOK-004,TOK004,,2627,3132,2,11,2,,,,,,,TRUE,,,,,,,3173,,2,,
19,TWD-001,TWD001,,2662,3169,,704,2,,,,,金型廃棄2024.4.11,,TRUE,,,,廃棄済,,,3210,廃棄済,,,
20,TWD-002,TWD002,,2663,3170,2,11,2,,,,,,,TRUE,,,,,,,3211,,2,,
21,TOK-014,TOK014,,2637,3144,2,11,2,,,,,,,TRUE,,,,,,,3185,,2,,
22,TOK-015,TOK015,,2638,3145,2,11,2,,,,,,,TRUE,,,,,,,3186,,2,,
23,TOK-010,TOK010,,2633,3139,2,11,2,,,,,,,TRUE,,,,,,,3180,,2,,
24,TOK-002,TOK002,,2625,3130,2,11,2,,,,,,,TRUE,,,,,,,3171,,2,,
25,TOK-013,TOK013,,2636,3143,2,11,2,,,,,,,TRUE,,,,,,,3184,,2,,
26,TOK-011,TOK011,,2634,3141,2,11,2,,,,,,,TRUE,,,,,,,3182,,2,,
27,TOK-017,TOK017,,2640,3147,2,11,2,,,,,,,TRUE,,,,,,,3188,,2,,
28,TOK-016,TOK016,,2639,3146,2,11,2,,,,,,,TRUE,,,,,,,3187,,2,,
29,TOK-012,TOK012,,2635,3142,2,11,2,,,,,,,TRUE,,,,,,,3183,,2,,
30,TOK-007,TOK007,,2630,3135,2,11,2,,,,,,,TRUE,,,,,,,3176,,2,,
31,TOK-006,TOK006,,2629,3134,2,11,2,,,,,,,TRUE,545,,,,,,3175,,2,,
32,TOW-003,TOW003,,2644,3151,2,11,2,,,,,,,TRUE,,,,,,,3192,,2,,
33,TOW-002,TOW002,,2643,3150,2,11,2,,,,,,,TRUE,,,,,,,3191,,2,,
34,TSS-004,TSS004,,2659,3166,2,12,2,,,,,,,TRUE,,,,,,,3207,,2,,
35,TKS-019,TKS019,,2594,3095,2,12,2,,,,,,,TRUE,,,,,,,3136,,2,,
36,TSP-001,TSP001,,2652,3159,2,12,2,,,,,,,TRUE,,,,,,,3200,,2,,
37,TNX-024D,TNX024D,,2623,4794,2,85,2,,,,,１面試作金型(保管),,TRUE,,,,,,,3169,,2,,
38,TYU-001,TYU001,,2668,3176,2,11,2,,,,,,,TRUE,,,,,,,3217,,2,,
39,TKN-002,TKN002,,2577,3075,2,12,2,,,,,,,TRUE,,,,,,,3116,,2,,
40,TSP-004,TSP004,,2654,3161,2,12,2,,,,,,,TRUE,,,,,,,3202,,2,,
41,TE-022,TE022,,2072,2440,2,12,2,,,,,,,TRUE,,,,,,,2501,,2,,
42,TKS-002,TKS002,,2580,3080,2,12,2,,,,,,,TRUE,,,,,,,3121,,2,,
43,THP-002,THP002,,2509,2995,2,282,2,,,,,,,TRUE,,,,,,,3049,,2,,
44,TMD,TMD,,2603,3107,2,12,2,,,,,,,TRUE,,,,,,,3148,,2,,
45,TKO-001,TKO001,,2578,3077,2,15,2,,,,,ｘｘ,,TRUE,,,,,,,3118,,2,,
46,TCS-001,TCS001,,1995,2353,2,12,2,,,,,,,TRUE,,,,,,,2416,,2,,
47,TSP-003,TSP003,,2653,3160,2,12,2,,,,,,,TRUE,,,,,,,3201,,2,,
48,TIH-015,TIH015,,2529,3019,2,12,2,,,,,,,TRUE,,,,,,,3073,,2,,
49,TSS-002R,TSS002R,,2657,3164,2,11,2,,,,,,,TRUE,,,,,,,3205,,2,,
50,TH-060,TH060,,2499,2985,2,12,2,,,,,,,TRUE,,,,,,,3039,,2,,
51,TUK-001,TUK001,,2660,3167,2,12,2,,,,,,,TRUE,,,,,,,3208,,2,,
52,TIH-005,TIH005,,2521,3008,2,12,2,,,,,,,TRUE,,,,,,,3062,,2,,
53,YCM-034,YCM034,,2713,3229,2,13,2,,,,,,,TRUE,,,,,,,3270,,2,,
54,YCM-029,YCM029,,2709,3225,2,281,2,,,,,,,TRUE,,,,,,,3266,,2,,
55,TDS-006 R2,TDS006R2,,2001,2360,,704,2,,,,12.1 Kg,12.1kg 廃棄済240726,,TRUE,528,,,廃棄済,7/26/2024,,2423,廃棄済,,,
56,TDS-007 R2,TDS007R2,,2002,2362,,704,2,,,,,11.45ｋｇ 廃棄済240726,,TRUE,529,,,廃棄済,,,2425,廃棄済,,,
57,TIH-022,TIH022,,2539,3029,2,13,2,,,,,,,TRUE,,,,,,,3083,,2,,
58,TIH-018,TIH018,,2533,3023,2,13,2,,,,,,,TRUE,,,,,,,3077,,2,,
59,THP-006,THP006,,2515,3001,2,13,2,,,,,,,TRUE,,,,,,,3055,,2,,
60,THP-003,THP003,,2510,2996,2,13,2,,,,,,,TRUE,,,,,,,3050,,2,,
61,YPC-003,YPC003,,2781,3322,2,15,2,,,,,,,TRUE,,,,,,,3362,,2,,
62,YSD-001,YSD001,,2785,3327,2,13,2,,,,,1/3,,TRUE,,,,,,,3367,,2,,
63,YMS-002,YMS002,,2766,3300,2,13,2,,,,,,,TRUE,,,,,,,3340,,2,,
64,WKE-001,WKE001,,2685,3193,2,15,2,,,,,,,TRUE,,,,,,,3234,,2,,
65,YCM-055,YCM055,,2729,3247,2,14,2,,,,,,,TRUE,,,,,,,3288,,2,,
66,TKS-003,TKS003,,2581,3081,2,13,2,,,,,,,TRUE,,,,,,,3122,,2,,
67,TKD-009,TKD009,,2565,3059,2,13,2,,,,,,,TRUE,,,,,,,3100,,2,,
68,T-0005-60W,T000560W,,1960,2317,2,15,2,,,,,,,TRUE,,,,,,,2380,,2,,
69,TIH-016,TIH016,,2530,3020,2,13,2,,,,,,,TRUE,,,,,,,3074,,2,,
70,TKN-001,TKN001,,2576,3074,2,13,2,,,,,,,TRUE,,,,,,,3115,,2,,
71,THP-059,THP059,,2517,3003,2,13,2,,,,,,,TRUE,,,,,,,3057,,2,,
72,TDS-005,TDS005,,2000,2358,2,13,2,,,,,,,TRUE,,,,,,,2421,,2,,
73,TDS-002,TDS002,,1997,2355,2,13,2,,,,,,,TRUE,,,,,,,2418,,2,,
74,TDS-003,TDS003,,1998,2356,2,13,2,,,,,,,TRUE,,,,,,,2419,,2,,
75,TYK-002,TYK002,,2666,3174,2,11,2,,,,,,,TRUE,,,,,,,3215,,2,,
76,T-0006-60W,T000660W,,1961,2318,2,15,2,,,,,,,TRUE,,,,,,,2381,,2,,
77,YFG-001,YFG001,,2749,3276,2,13,2,,,,,,,TRUE,,,,,,,3316,,2,,
81,YCM-045,YCM045,,2723,3240,2,14,2,,,,,,,TRUE,,,,,,,3281,,2,,
82,YCM-046,YCM046,,2724,3241,2,14,2,,,,,,,TRUE,,,,,,,3282,,2,,
83,YCM-039,YCM039,,2717,3234,2,281,2,,,,,,,TRUE,,,,,,,3275,,2,,
84,YCM-069,YCM069,,2738,3258,2,14,2,,,,,YCM-033の改金型,,TRUE,,,,,,,3299,,2,,
85,YCM-035,YCM035,,2714,3230,2,14,2,,,,,,,TRUE,,,,,,,3271,,2,,
86,YCM-040,YCM040,,2718,3235,2,14,2,,,,,,,TRUE,,,,,,,3276,,2,,
87,YCM-053,YCM053,,2727,3245,2,14,2,,,,,,,TRUE,,,,,,,3286,,2,,
88,YCM-054,YCM054,,2728,3246,2,14,2,,,,,,,TRUE,,,,,,,3287,,2,,
89,YCM-066,YCM066,,2736,3256,2,14,2,,,,,,,TRUE,,,,,,,3297,,2,,
90,YCM-036,YCM036,,2715,3231,2,14,2,,,,,,,TRUE,,,,,,,3272,,2,,
91,YCM-024,YCM024,,2705,3220,2,281,2,,,,,,,TRUE,,,,,,,3261,,2,,
92,YCM-027,YCM027,,2707,3223,2,281,2,,,,,,,TRUE,,,,,,,3264,,2,,
93,YCM-050,YCM050,,2725,3243,2,14,2,,,,,,,TRUE,,,,,,,3284,,2,,
94,YCM-066,YCM066,,2736,3256,2,14,2,,,,,,,TRUE,,,,,,,3297,,2,,
95,YCM-061,YCM061,,2733,3253,2,14,2,,,,,,,TRUE,,,,,,,3294,,2,,
96,YCM-042,YCM042,,2720,3237,2,14,2,,,,,,,TRUE,,,,,,,3278,,2,,
97,YCM-059,YCM059,,2731,3251,2,14,2,,,,,,,TRUE,,,,廃棄済,8/22/2024,,3292,,2,,
98,YCM-060,YCM060,,2732,3252,2,14,2,,,,,,,TRUE,,,,,,,3293,,2,,
100,YCM-070,YCM070,,2739,3262,2,14,2,,,,,,,TRUE,,,,,,,3303,,2,,
101,YCM-073,YCM073,,2742,3268,2,14,2,,,,,,,TRUE,596,,,,,,3308,,2,,
102,YCM-056,YCM056,,2730,3248,2,14,2,470,347,45,7.95 Kg,,,TRUE,,返却済,8/21/2024,,,,3289,,2,,
103,YCM-065,YCM065,,2735,3255,2,14,2,,,,,,,TRUE,,,,,,,3296,,2,,
104,YCM-068,YCM068,,2737,3257,2,14,2,,,,,,,TRUE,,,,,,,3298,,2,,
105,YCM-044,YCM044,,2722,3239,2,14,2,,,,,,,TRUE,,,,,,,3280,,2,,
106,YSR-001,YSR001,,2899,3468,2,282,2,,,,,,,TRUE,,,,,,,3507,,2,,
107,YSR-003,YSR003,,2901,3470,2,282,2,,,,,,,TRUE,,,,,,,3509,,2,,
108,YSR-008,YSR008,,2906,3475,2,282,2,,,,,,,TRUE,,,,,,,3514,,2,,
109,YSR-011,YSR011,,2909,3478,2,282,2,,,,,,,TRUE,,,,,,,3517,,2,,
110,YSR-007,YSR007,,2905,3474,2,282,2,,,,,,,TRUE,,,,,,,3513,,2,,
111,YSR-015,YSR015,,2913,3482,2,282,2,,,,,,,TRUE,,,,,,,3521,,2,,
112,YSR-004,YSR004,,2902,3471,2,282,2,,,,,,,TRUE,,,,,,,3510,,2,,
113,YSR-006,YSR006,,2904,3473,2,282,2,,,,,,,TRUE,,,,,,,3512,,2,,
114,YSR-002,YSR002,,2900,3469,2,282,2,,,,,,,TRUE,,,,,,,3508,,2,,
115,YSR-009,YSR009,,2907,3476,2,282,2,,,,,,,TRUE,,,,,,,3515,,2,,
116,YSR-005,YSR005,,2903,3472,2,282,2,,,,,,,TRUE,,,,,,,3511,,2,,
117,YOK-001,YOK001,,2778,3317,2,15,2,,,,,,,TRUE,,,,,,,3357,,2,,
118,YOK-004,YOK004,,2780,3320,2,15,2,,,,,,,TRUE,,,,,,,3360,,2,,
119,YKW-001,YKW001,,2756,3284,2,15,2,,,,,,,TRUE,,,,,,,3324,,2,,
120,YES-003,YES003,,2747,3274,2,15,2,,,,,,,TRUE,,,,,,,3314,,2,,
121,YMT-010,YMT010,,2776,3315,2,15,2,,,,,,,TRUE,,,,,,,3355,,2,,
122,YSR-014,YSR014,,2912,3481,2,282,2,,,,,,,TRUE,,,,,,,3520,,2,,
123,YSR-019,YSR019,,2917,3486,2,282,2,,,,,,,TRUE,,,,,,,3525,,2,,
124,YSR-016,YSR016,,2914,3483,2,282,2,,,,,,,TRUE,,,,,,,3522,,2,,
125,YSR-018,YSR018,,2916,3485,2,282,2,,,,,,,TRUE,,,,,,,3524,,2,,
126,YKS-003,YKS003,,2755,3283,2,15,2,,,,,,,TRUE,,,,,,,3323,,2,,
127,YKS-001,YKS001,,2753,3281,2,15,2,,,,,,,TRUE,,,,,,,3321,,2,,
128,YSR-017,YSR017,,2915,3484,2,282,2,,,,,,,TRUE,,,,,,,3523,,2,,
129,YSR-013,YSR013,,2911,3480,2,282,2,,,,,,,TRUE,,,,,,,3519,,2,,
130,YPC-007,YPC007,,2783,3324,2,15,2,,,,,,,TRUE,,,,,,,3364,,2,,
131,YPC-006,YPC006,,2782,3323,2,15,2,,,,,,,TRUE,,,,,,,3363,,2,,
132,YK-001,YK001,,2752,3280,2,15,2,,,,,,,TRUE,,,,,,,3320,,2,,
133,YKS-002,YKS002,,2754,3282,2,15,2,,,,,,,TRUE,,,,,,,3322,,2,,
134,KSR-010 ???? YSR,KSR010????YSR,,1154,1283,2,15,2,,,,,,,TRUE,,,,,,,1361,,2,,
135,YSR-012,YSR012,,2910,3479,2,282,2,,,,,,,TRUE,,,,,,,3518,,2,,
136,YKW-003,YKW003,,2758,3286,2,15,2,,,,,,,TRUE,,,,,,,3326,,2,,
137,SNT-002,SNT002,,1834,2154,2,282,2,,,,,,,TRUE,,,,,,,2225,,2,,
138,STD-001,STD001,,1928,2276,2,22,2,,,,,,,TRUE,,,,,,,2339,,2,,
139,RCH-004,RCH004,,1667,1921,2,21,2,,,,,,,TRUE,,,,,,,1993,,2,,
140,RCH-009,RCH009,,1672,1926,2,21,2,,,,,,,TRUE,,,,,,,1998,,2,,
141,RCH-008,RCH008,,1671,1925,2,21,2,,,,,,,TRUE,,,,,,,1997,,2,,
142,RYK-003,RYK003,,1679,1936,2,21,2,,,,,,,TRUE,,,,,,,2008,,2,,
143,RYK-004,RYK004,,1680,1937,2,21,2,,,,,,,TRUE,,,,,,,2009,,2,,
144,RCH-006,RCH006,,1669,1923,2,21,2,,,,,,,TRUE,,,,,,,1995,,2,,
145,RCH-005,RCH005,,1668,1922,2,21,2,,,,,,,TRUE,,,,,,,1994,,2,,
146,RYK-001,RYK001,,1678,1934,2,21,2,,,,,,,TRUE,,,,,,,2006,,2,,
147,RCH-007,RCH007,,1670,1924,2,21,2,,,,,,,TRUE,,,,,,,1996,,2,,
148,SHT-013,SHT013,,1717,1981,2,73,2,,,,,,,TRUE,,,,,,,2052,,2,,
149,SKC-001,SKC001,,1775,2055,2,22,2,,,,,,,TRUE,,,,,,,2126,,2,,
150,SIT-002,SIT002,,1722,1987,2,22,2,,,,,,,TRUE,,,,,,,2058,,2,,
151,SKK-008,SKK008,,1780,2063,2,22,2,,,,,,,TRUE,,,,,,,2134,,2,,
152,SKK-007,SKK007,,1779,2060,2,22,2,,,,,,,TRUE,,,,,,,2131,,2,,
154,SNT-001,SNT001,,1833,2153,2,282,2,,,,,,,TRUE,,,,,,,2224,,2,,
155,SESK-001,SESK001,,1699,1962,2,25,2,,,,,,,TRUE,,,,,,,2033,,2,,
156,SHT-003,SHT003,,1708,1972,2,22,2,,,,,坂田精文堂・図面確認依頼,,TRUE,,,,,,,2043,,2,,
157,SHT-004,SHT004,,1709,1973,2,21,2,,,,,坂田精文堂・図面確認依頼,InUse,TRUE,,,,,,,2044,,2,,
158,SHT-007,SHT007,,1711,1975,2,21,2,,,,,,,TRUE,,,,,,,2046,,2,,
159,TE-2501699-1,TE014,,2059,4222,2,12,2,,,,,,,TRUE,533,,,,,,4195,,2,,
160,SSM-029,SSM029,,1900,2239,2,24,2,,,,,,,TRUE,,,,,,,2303,,2,,
161,SHT-006,SHT006,,1710,1974,2,21,2,,,,,,,TRUE,,,,,,,2045,,2,,
162,STF-008,STF008,,1939,2291,2,22,2,,,,,,,TRUE,,,,,,,2354,,2,,
163,SKK-002,SKK002,,1776,2056,2,22,2,,,,,,,TRUE,,,,,,,2127,,2,,
164,SPJ-025,SPJ025,,1844,2167,2,22,2,,,,,,,TRUE,,,,,,,2238,,2,,
165,STD-003,STD003,,1930,2278,2,22,2,,,,,,,TRUE,,,,,,,2341,,2,,
166,SIT-001,SIT001,,1721,1986,2,22,2,,,,,,,TRUE,,,,,,,2057,,2,,
167,SIT-010,SIT010,,1723,1988,2,22,2,,,,,,,TRUE,,,,,,,2059,,2,,
168,SRI-002,SRI002,,1857,2183,2,22,2,,,,,,,TRUE,,,,,,,2254,,2,,
169,SKS-009,SKS009,,1785,2068,2,282,2,,,,,,,TRUE,,,,,,,2139,,2,,
170,SRI-003,SRI003,,1858,2184,2,22,2,,,,,,,TRUE,,,,,,,2255,,2,,
171,SRI-001,SRI001,,1856,2182,,0,2,,,,,[旧RackLayer 705] 出荷・返却済,,TRUE,,,,,,,2253,返却済,,,
172,SRI-004,SRI004,,1859,2185,2,22,2,,,,,,,TRUE,497,,,,,,2256,,2,,
173,SKS-011,SKS011,,1786,2069,2,282,2,,,,,,,TRUE,,,,,,,2140,,2,,
174,SRI-005,SRI005,,1860,2186,2,22,2,,,,,,,TRUE,498,,,,,,2257,,2,,
175,SHP-510x342x50,SHP510x342x50,,1706,1970,2,22,2,,,,,,,TRUE,,,,,,,2041,,2,,
176,SHT-008,SHT008,,1712,1976,2,21,2,,,,,,,TRUE,,,,,,,2047,,2,,
177,SHT-009,SHT009,,1713,1977,2,720,2,,,,,SHT-020新,,TRUE,,,,,,,2048,,2,,
178,SSM-043,SSM043,,1914,2253,2,23,2,,,,,,,TRUE,,,,,,,2317,,2,,
179,SSM-020,SSM020,,1891,2230,2,24,2,,,,,,,TRUE,,,,,,,2294,,2,,
180,SSM-028,SSM028,,1899,2238,2,24,2,,,,,,,TRUE,,,,,,,2302,,2,,
181,SSM-050 R1,SSM050R1,,1921,2260,2,23,2,,,,,,,TRUE,,,,,,,2324,,2,,
182,SSM-055,SSM055,,1927,2275,2,23,2,,,,,,,TRUE,,,,,,,2338,,2,,
183,SSM-052,SSM052,,1923,2266,2,23,2,,,,,,,TRUE,,,,,,,2329,,2,,
184,SSM-035,SSM035,,1906,2245,2,24,2,,,,,,,TRUE,,,,,,,2309,,2,,
185,SSM-022,SSM022,,1893,2232,2,24,2,,,,,,,TRUE,,,,,,,2296,,2,,
186,SSM-017,SSM017,,1888,2227,2,24,2,,,,,,,TRUE,,,,,,,2291,,2,,
187,SSM-015,SSM015,,1886,2225,2,24,2,,,,,,,TRUE,,,,,,,2289,,2,,
188,SSM-018,SSM018,,1889,2228,2,24,2,,,,,,,TRUE,,,,,,,2292,,2,,
189,SSM-042,SSM042,,1913,2252,2,23,2,,,,,,,TRUE,,,,,,,2316,,2,,
190,SSM-031,SSM031,,1902,2241,2,24,2,,,,,,,TRUE,,,,,,,2305,,2,,
191,SSM-037,SSM037,,1908,2247,2,283,2,,,,,,,TRUE,,,,,,,2311,,2,,
192,SSM-044,SSM044,,1915,2254,2,23,2,,,,,,,TRUE,,,,,,,2318,,2,,
193,SSM-036,SSM036,,1907,2246,2,283,2,,,,,,,TRUE,,,,,,,2310,,2,,
194,SSM-051,SSM051,,1922,2262,2,23,2,,,,,,,TRUE,,,,,,,2326,,2,,
195,SSM-040,SSM040,,1911,2250,2,24,2,,,,,,,TRUE,,,,,,,2314,,2,,
196,SSM-027,SSM027,,1898,2237,2,24,2,,,,,,,TRUE,,,,,,,2301,,2,,
197,SSM-030,SSM030,,1901,2240,2,24,2,,,,,,,TRUE,,,,,,,2304,,2,,
198,SSM-041,SSM041,,1912,2251,2,24,2,,,,,,,TRUE,,,,,,,2315,,2,,
199,SSM-021,SSM021,,1892,2231,2,704,2,,,,,,,TRUE,,,,廃棄済,6/12/2025,,2295,廃棄済,2,,
200,SSM-053,SSM053,,1924,2269,2,23,2,,,,,,,TRUE,,,,,,,2332,,2,,
201,SSM-021NEW,SSM021,,1892,2231,2,0,2,,,,11.85,[旧RackLayer 705] 出荷・返却済,,TRUE,,返却済,6/12/2025,,,,2295,返却済,2,,
202,SSM-023,SSM023,,1894,2233,2,24,2,,,,,,,TRUE,,,,,,,2297,,2,,
203,SSM-014,SSM014,,1885,2224,2,25,2,,,,,,,TRUE,,,,,,,2288,,2,,
204,SSM-047,SSM047,,1918,2257,2,23,2,,,,,,,TRUE,,,,,,,2321,,2,,
205,SSM-032,SSM032,,1903,2242,2,24,2,,,,,,,TRUE,,,,,,,2306,,2,,
206,SSM-026,SSM026,,1897,2236,2,24,2,,,,,,,TRUE,,,,,,,2300,,2,,
207,SSM-024,SSM024,,1895,2234,2,24,2,,,,,,,TRUE,,,,,,,2298,,2,,
208,SSM-003,SSM003,,1881,2220,2,283,2,,,,,,,TRUE,,,,,,,2284,,2,,
209,SSM-004,SSM004,,1882,2221,2,283,2,,,,,,,TRUE,,,,,,,2285,,2,,
210,SSM-001,SSM001,,1879,2218,2,24,2,,,,,,,TRUE,,,,,,,2282,,2,,
211,SSM-025,SSM025,,1896,2235,2,24,2,,,,,,,TRUE,,,,,,,2299,,2,,
212,SSM-033,SSM033,,1904,2243,2,24,2,,,,,,,TRUE,,,,,,,2307,,2,,
213,SSM-016,SSM016,,1887,2226,2,24,2,,,,,,,TRUE,,,,,,,2290,,2,,
214,SSM-038,SSM038,,1909,2248,2,24,2,,,,,,,TRUE,,,,,,,2312,,2,,
215,SSM-048,SSM048,,1919,2258,2,23,2,,,,,,,TRUE,,,,,,,2322,,2,,
216,SSM-002,SSM002,,1880,2219,2,283,2,,,,,,,TRUE,,,,,,,2283,,2,,
217,SSM-005,SSM005,,1883,2222,2,283,2,,,,,,,TRUE,,,,,,,2286,,2,,
218,SSM-045,SSM045,,1916,2255,2,23,2,,,,,,,TRUE,,,,,,,2319,,2,,
219,SSM-019,SSM019,,1890,2229,2,283,2,,,,,,,TRUE,,,,,,,2293,,2,,
220,SAI-001,SAI001,,1683,1942,2,25,2,,,,,,,TRUE,,,,,,,2014,,2,,
221,SJI-008,SJI008,,1736,2005,2,0,2,,,,,25,,TRUE,,,,,,,2076,,2,,
222,SP30-S-140-10,SP30S14010,,1838,2161,2,25,2,,,,,,,TRUE,,,,,,,2232,,2,,
223,SNT-003,SNT003,,1835,2155,2,282,2,,,,,,,TRUE,,,,,,,2226,,2,,
224,SP2-53-207-240,SP253207240,,1837,2160,2,25,2,,,,,,,TRUE,,,,,,,2231,,2,,
225,SZT-001,SZT001,,1953,2308,2,25,2,,,,,廃棄2024.08.19,,TRUE,,,,廃棄済,8/19/2024,,2371,,2,,
226,SJI-012,SJI012,,1739,2008,2,23,2,,,,,,,TRUE,473,,,,,,2079,,2,,
227,SJI-021,SJI021,,1745,2017,2,23,2,,,,,,,TRUE,,,,廃棄済,3/7/2025,,2088,,2,,
228,SJI-007,SJI007,,1735,2004,2,23,2,,,,,,,TRUE,,,,,,,2075,,2,,
229,SJI-018,SJI018,,1742,2014,2,23,2,,,,,,,TRUE,,,,,,,2085,,2,,
230,SJI-009,SJI009,,1737,2006,2,23,2,,,,,,,TRUE,,,,,,,2077,,2,,
231,SJI-010,SJI010,,1738,2007,2,23,2,,,,,,,TRUE,,,,,,,2078,,2,,
232,SJI-002,SJI002,,1733,2002,2,23,2,,,,,,,TRUE,,,,,,,2073,,2,,
233,SZT-005,SZT005,,1958,2314,2,25,2,,,,,廃棄2024.08.19,,TRUE,,,,廃棄済,8/19/2024,,2377,,2,,
234,SSK-010,SSK010,,1878,2217,2,25,2,,,,,,,TRUE,,,,,,,2281,,2,,
235,SK-015,SK015,,1764,2038,2,25,2,,,,,,,TRUE,,,,,,,2109,,2,,
236,SK-020,SK020,,1766,2040,2,25,2,,,,,,,TRUE,,,,,,,2111,,2,,
237,SK-014,SK014,,1763,2037,2,25,2,,,,,,,TRUE,,,,,,,2108,,2,,
238,SK-019,SK019,,1765,2039,2,25,2,,,,,,,TRUE,,,,,,,2110,,2,,
239,SNM-002,SNM002,,1831,2151,2,25,2,,,,,,,TRUE,,,,,,,2222,,2,,
240,SNM-001,SNM001,,1830,2150,2,25,2,,,,,,,TRUE,,,,,,,2221,,2,,
241,SZT-003B,SZT003B,,4191,2311,2,25,2,,,,,廃棄2024.08.19,,TRUE,,,,廃棄済,8/19/2024,,2374,,2,,
242,SZT-003T,SZT003T,,4191,2312,2,25,2,,,,,廃棄2024.08.19,,TRUE,,,,廃棄済,8/19/2024,,2375,,2,,
243,SPJ-032,SPJ032,,1845,2170,2,25,2,,,,,,,TRUE,,,,,,,2241,,2,,
244,SPJ-033,SPJ033,,1846,2171,2,25,2,,,,,,,TRUE,,,,,,,2242,,2,,
245,SKS-001,SKS001,,1782,2065,2,282,2,,,,,,,TRUE,,,,,,,2136,,2,,
246,SKS-002,SKS002,,1783,2066,2,282,2,,,,,,,TRUE,,,,,,,2137,,2,,
247,ETS-036,ETS036,,469,478,2,20,2,,,,,（小）FTS-036？,,TRUE,,,,,,,244,,2,,
248,SKK-004,SKK004,,1777,2058,2,0,2,,,,,[旧RackLayer 705] 出荷・返却済,,TRUE,,,,,,,2129,返却済,2,,
249,SDSJ-001B,SDSJ001B,,4116,1953,2,25,2,,,,,,,TRUE,,,,,,,2024,,2,,
250,SDSJ-001T,SDSJ001T,,4116,1954,2,25,2,,,,,,,TRUE,,,,,,,2025,,2,,
251,SK-002 EL-P-002,SK002ELP002,,1757,2030,2,25,2,,,,,,,TRUE,,,,,,,2101,,2,,
252,SK-005 EL-P-005,SK005ELP005,,1758,2031,2,25,2,,,,,,,TRUE,,,,,,,2102,,2,,
253,STF-009,STF009,,1940,2292,2,25,2,,,,,,,TRUE,,,,,,,2355,,2,,
255,ATS-006,ATS006,,217,195,2,93,2,,,,,,,TRUE,,,,,,,372,,2,,
256,ATS-004,ATS004,,215,193,2,93,2,,,,,,,TRUE,,,,,,,370,,2,,
257,ATS-013,ATS013,,220,198,2,93,2,,,,,,,TRUE,,,,,,,375,,2,,
258,ATS-018,ATS018,,224,202,2,93,2,,,,,,,TRUE,,,,,,,379,,2,,
259,ATS-015,ATS015,,221,199,2,93,2,,,,,,,TRUE,,,,,,,376,,2,,
260,ATS-011,ATS011,,219,197,2,93,2,,,,,,,TRUE,,,,,,,374,,2,,
261,ATS-027,ATS027,,234,212,2,93,2,,,,,,,TRUE,147,,,,,,389,,2,,
262,ATS-016,ATS016,,222,200,2,93,2,,,,,,,TRUE,,,,,,,377,,2,,
263,ATS-017,ATS017,,223,201,2,92,2,,,,,,,TRUE,,,,,,,378,,2,,
264,ATS-003R2,ATS003R2,,214,192,2,93,2,,,,,,,TRUE,,,,,,,369,,2,,
265,AON-003,AON003,,185,159,2,92,2,,,,,,,TRUE,,,,,,,337,,2,,
266,ASH-003,ASH003,,207,183,2,92,2,,,,,,,TRUE,,,,,,,360,,2,,
267,ASH-002,ASH002,,206,182,2,92,2,,,,,,,TRUE,,,,,,,359,,2,,
268,JAE-190 R3,JAE190R3,,691,722,2,122,2,,,,,,,TRUE,,,,,,,813,,2,,
269,JAE-185,JAE185,,687,717,,704,2,,,,,,,TRUE,,,,廃棄済,3/13/2025,,808,廃棄済,,,
271,JAE-182,JAE182,,684,714,,704,2,,,,,,,TRUE,,,,廃棄済,3/13/2025,,805,廃棄済,,,
272,JAE-303,JAE303,,792,833,2,112,2,,,,,,,TRUE,269,,,,,,918,,2,,
273,JAE-304,JAE304,,793,834,3,0,2,,,,,坂田精文堂・図面確認依頼 | [旧RackLayer 703] 坂田精文堂,,TRUE,270,,,,,,919,,3,,
274,JAE-305,JAE305,,794,835,3,0,2,,,,,[旧RackLayer 703] 坂田精文堂,,TRUE,271,,,,,,920,,3,,
275,JAE-306,JAE306,,795,837,2,121,2,,,,,,,TRUE,272,,,,,,921,,2,,
276,JAE-316,JAE316,,805,851,2,122,2,,,,,,,TRUE,283,,,,,,932,,2,,
277,JAE-244 R2,JAE244R2,,736,770,2,122,2,,,,,,,TRUE,,,,,,,861,,2,,
278,JAE-171 R1,JAE171R1,,677,707,2,122,2,,,,,,,TRUE,,,,,,,798,,2,,
279,JAE-269,JAE269,,759,793,2,122,2,,,,,,,TRUE,234,,,,,,884,,2,,
280,JAE-217,JAE217,,712,746,2,122,2,,,,,,,TRUE,,,,,,,837,,2,,
281,JAE-242,JAE242,,734,768,2,122,2,,,,,,,TRUE,,,,,,,859,,2,,
282,JAE-192,JAE192,,693,724,2,124,2,,,,,,,TRUE,,,,,,,815,,2,,
283,JAE-238 R2,JAE238R2,,730,764,,704,2,,,,,,,TRUE,,,,廃棄済,3/23/2026,,855,廃棄済,,,
284,JAE-090,JAE090,,638,660,3,0,2,,,,,坂田精文堂・図面確認依頼 | [旧RackLayer 703] 坂田精文堂,,TRUE,217,,,,,,752,,3,,
286,JAE-238,JAE238,,730,764,2,704,2,,,,,,,TRUE,,,,廃棄予定,3/23/2026,,855,廃棄済,2,,
287,JAE-279,JAE279,,768,802,2,124,2,,,,,,,TRUE,243,,,,,,893,,2,,
288,JAE-063 R2,JAE063R2,,630,648,2,124,2,,,,,,,TRUE,,,,,,,741,,2,,
289,JAE-011,JAE011,,607,619,2,124,2,,,,,,,TRUE,,,,,,,712,,2,,
290,JAE-037,JAE037,,619,635,2,124,2,,,,,,,TRUE,,,,,,,728,,2,,
291,JAE-197,JAE197,,697,728,2,124,2,,,,,,,TRUE,,,,,,,819,,2,,
292,JAE-113 R7,JAE113R7,,643,3680,2,124,2,,,,,,,TRUE,,,,,,,3695,,2,,
293,JAE-243,JAE243,,735,769,2,124,2,,,,,,,TRUE,,,,,,,860,,2,,
294,JAE-001,JAE001,,599,611,2,124,2,,,,,,,TRUE,,,,,,,704,,2,,
295,JAE-206,JAE206,,703,736,2,124,2,,,,,,,TRUE,,,,,,,827,,2,,
296,JAE-199 R1,JAE199R1,,699,730,2,124,2,,,,,,,TRUE,,,,,,,821,,2,,
297,JAE-070,JAE070,,632,653,2,124,2,,,,,坂田精文堂・図面確認依頼,,TRUE,215,,,,,,745,,2,,
298,JAE-129 R1,JAE129R1,,651,678,2,124,2,,,,,,,TRUE,,,,,,,769,,2,,
299,JAE-004,JAE004,,602,614,2,124,2,,,,,坂田精文堂・図面確認依頼,,TRUE,210,,,,,,707,,2,,
300,JAE-200,JAE200,,700,731,2,124,2,,,,,,,TRUE,,,,,,,822,,2,,
301,JAE-083,JAE083,,637,659,2,124,2,,,,,坂田精文堂・図面確認依頼,,TRUE,,,,,,,751,,2,,
302,JAE-042,JAE042,,621,637,2,124,2,,,,,,,TRUE,,,,,,,730,,2,,
303,JAE-079,JAE079,,635,657,2,124,2,,,,,,,TRUE,,,,,,,749,,2,,
304,JAE-080 R3,JAE080R3,,636,658,2,124,2,,,,,,,TRUE,,,,,,,750,,2,,
305,JAE-230 R3,JAE230R3,,723,758,2,124,2,,,,,,,TRUE,,,,,,,849,,2,,
306,JAE-241,JAE241,,733,767,2,124,2,,,,,,,TRUE,,,,,,,858,,2,,
307,JAE-268,JAE268,,758,792,2,124,2,,,,,,,TRUE,233,,,,,,883,,2,,
308,JAE-006,JAE006,,604,616,2,124,2,,,,,,,TRUE,,,,,,,709,,2,,
310,JAE-167,JAE167,,673,703,2,123,2,,,,,,,TRUE,,,,,,,794,,2,,
311,JAE-201 R1,JAE201R1,,701,732,2,123,2,,,,,,,TRUE,,,,,,,823,,2,,
312,JAE-111 R2,JAE111R2,,641,664,2,123,2,,,,,,,TRUE,,,,,,,756,,2,,
313,JAE-229,JAE229,,722,756,2,123,2,,,,,,,TRUE,,,,,,,847,,2,,
314,JAE-228,JAE228,,721,755,2,123,2,,,,,,,TRUE,,,,,,,846,,2,,
315,JAE-184,JAE184,,686,716,,704,2,,,,,,,TRUE,,,,廃棄済,3/13/2025,,807,廃棄済,,,
316,JAE-174,JAE174,,679,709,2,123,2,,,,,,,TRUE,,,,,,,800,,2,,
317,JAE-176,JAE176,,681,711,2,123,2,,,,,,,TRUE,,,,,,,802,,2,,
318,JAE-159,JAE159,,669,698,2,123,2,,,,,廃棄2022.3？,,TRUE,,,,,,,789,,2,,
319,JAE-033,JAE033,,615,630,2,123,2,,,,,,,TRUE,,,,,,,723,,2,,
320,JAE-016,JAE016,,609,622,2,123,2,,,,,,,TRUE,,,,,,,715,,2,,
321,JAE-291 R2,JAE291R2,,780,817,,704,2,,,,,,,TRUE,256,,,廃棄済,3/23/2026,,905,廃棄済,,,
322,JAE-260,JAE260,,750,784,,704,2,,,,,,,TRUE,,,,廃棄済,3/23/2026,,875,廃棄済,,,
323,JAE-112,JAE112,,642,666,2,123,2,,,,,坂田精文堂・図面確認依頼,,TRUE,,,,,,,758,,2,,
324,JAE-175,JAE175,,680,710,,704,2,,,,,,,TRUE,,,,廃棄済,3/13/2025,,801,廃棄済,,,
325,JAE-034 74H,JAE03474H,,616,631,2,123,2,,,,,,,TRUE,,,,,,,724,,2,,
326,JAE-140 R1 PET,JAE140R1PET,,658,685,2,112,2,,,,,,,TRUE,,,,,,,776,,2,,
327,JAE-245 R1,JAE245R1,,737,771,2,123,2,,,,,,,TRUE,,,,,,,862,,2,,
328,JAE-046 No1,JAE046No1,,624,640,2,123,2,,,,,,,TRUE,,,,,,,733,,2,,
329,JAE-002,JAE002,,600,612,2,123,2,,,,,,,TRUE,,,,,,,705,,2,,
330,JAE-266,JAE266,,756,790,2,123,2,,,,,,,TRUE,231,,,,,,881,,2,,
331,JAE-023 R2,JAE023R2,,612,625,2,123,2,,,,,,,TRUE,,,,,,,718,,2,,
332,JAE-309,JAE309,,798,840,3,0,2,,,,,坂田工場2024.5.15 | [旧RackLayer 703] 坂田精文堂,,TRUE,275,,,,,,924,,3,,
334,ADY-101,ADY101,,126,91,2,125,2,,,,,,,TRUE,,,,,,,192,,2,,
335,ADY-111,ADY111,,134,99,2,125,2,,,,,,,TRUE,,,,,,,200,,2,,
336,ADY-103,ADY103,,128,93,2,125,2,,,,,,,TRUE,,,,,,,194,,2,,
337,ADY-114,ADY114,,137,102,2,125,2,,,,,,,TRUE,,,,,,,281,,2,,
338,ADY-112,ADY112,,135,100,2,125,2,,,,,,,TRUE,,,,,,,279,,2,,
339,ADY-126,ADY126,,142,111,2,125,2,,,,,,,TRUE,118,,,,,,289,,2,,
340,ADY-106,ADY106,,131,96,2,125,2,,,,,,,TRUE,,,,,,,197,,2,,
341,ADY-113,ADY113,,136,101,2,125,2,,,,,,,TRUE,,,,,,,280,,2,,
342,ADY-070,ADY070,,104,60,2,125,2,,,,,,,TRUE,,,,,,,161,,2,,
343,ADY-063,ADY063,,101,55,2,125,2,,,,,,,TRUE,,,,,,,156,,2,,
344,ADV-034,ADV034,,92,43,2,125,2,,,,,,,TRUE,,,,,,,144,,2,,
345,ADY-064,ADY064,,102,56,2,125,2,,,,,,,TRUE,,,,,,,157,,2,,
346,ADV-017,ADV017,,84,33,2,125,2,,,,,,,TRUE,,,,,,,134,,2,,
347,ADV-032,ADV032,,90,41,2,125,2,,,,,,,TRUE,,,,,,,142,,2,,
348,ADY-086,ADY086,,116,77,2,125,2,,,,,,,TRUE,,,,,,,178,,2,,
349,ADV-027,ADV027,,88,39,2,125,2,,,,,,,TRUE,,,,,,,140,,2,,
350,ADY-059,ADY059,,98,51,2,125,2,,,,,,,TRUE,,,,,,,152,,2,,
351,ADY-062,ADY062,,100,54,2,125,2,,,,,,,TRUE,,,,,,,155,,2,,
352,AKT-001,AKT001,,148,117,2,125,2,,,,,,,TRUE,,,,,,,295,,2,,
353,ADV-026,ADV026,,87,38,2,125,2,,,,,,,TRUE,,,,,,,139,,2,,
354,ADV-037,ADV037,,93,45,2,125,2,,,,,,,TRUE,113,,,,,,146,,2,,
356,YSD,YSD,,2784,3326,2,111,2,,,,,,,TRUE,,,,,,,3366,,2,,
357,JAE-121 R1,JAE121R1,,647,672,,704,2,,,,,,,TRUE,,,,廃棄済,3/23/2026,,764,廃棄済,,,
358,JAE-278,JAE278,,767,801,2,123,2,,,,,,,TRUE,242,,,,,,892,,2,,
359,JAE-035 ZF No1,JAE035ZFNo1,,617,633,2,123,2,,,,,坂田精文堂・図面確認依頼,,FALSE,,,,,,,726,,2,,
360,JAE-210,JAE210,,706,739,,704,2,,,,,,,TRUE,,,,廃棄済,3/23/2026,,830,廃棄済,,,
361,JAE-284 R4,JAE284R4,,773,807,2,111,2,,,,,,,TRUE,248,,,,,,898,,2,,
362,JAE-314 R1,JAE314R1,,803,848,3,0,2,,,,,坂田精文堂・図面確認依頼 | [旧RackLayer 703] 坂田精文堂,,TRUE,280,,,,,,930,,3,,
363,JAE-214 R1,JAE214R1,,710,743,2,114,2,,,,,,,TRUE,,,,,,,834,,2,,
364,JAE-164,JAE164,,675,702,2,111,2,,,,,金型廃棄？,,TRUE,,,,,,,793,,2,,
365,JAE-209,JAE209,,705,738,,704,2,,,,,,,TRUE,,,,廃棄済,3/23/2026,,829,廃棄済,,,
366,JAE-035 ZF No2,JAE035ZFNo2,,617,633,2,123,2,,,,,,,FALSE,,,,,,,726,,2,,
367,JAE-170,JAE170,,676,706,2,111,2,,,,,,,TRUE,,,,,,,797,,2,,
368,JAE-212,JAE212,,708,741,2,111,2,,,,,,,TRUE,,,,,,,832,,2,,
369,JAE-020,JAE020,,611,624,2,111,2,,,,,,,TRUE,212,,,,,,717,,2,,
371,JAE-035 74H,JAE03574H,,617,3618,2,111,2,,,,,,,TRUE,,,,,,,3641,,2,,
372,JAE-130 R1,JAE130R1,,652,679,2,123,2,,,,,,,TRUE,,,,,,,770,,2,,
373,JAE-307 R1,JAE307R1,,796,838,2,111,2,,,,,坂田工場　2024.5.15,,TRUE,273,,,,,,922,,2,,
374,JAE-194 R1,JAE194R1,,695,726,2,112,2,,,,,,,TRUE,,,,,,,817,,2,,
375,JAE-231,JAE231,,725,759,,704,2,,,,,,,TRUE,,,,廃棄済,3/13/2025,,850,廃棄済,,,
376,JAE-188,JAE188,,689,720,,704,2,,,,,,,TRUE,,,,廃棄済,3/13/2025,,811,廃棄済,,,
377,JAE-280 R3,JAE280R3,,769,803,2,112,2,,,,,,,TRUE,244,,,,,,894,,2,,
378,JAE-168,JAE168,,674,704,2,112,2,,,,,,,TRUE,,,,,,,795,,2,,
379,JAE-261,JAE261,,751,785,2,113,2,,,,,,,TRUE,,,,,,,876,,2,,
380,JAE-183 R1,JAE183R1,,685,715,,704,2,,,,,,,TRUE,,,,廃棄済,,,806,廃棄済,,,
381,JAE-239 R2,JAE239R2,,731,765,2,112,2,,,,,,,TRUE,,,,,,,856,,2,,
382,JAE-232 R1,JAE232R1,,726,760,2,112,2,,,,,,,TRUE,,,,,,,851,,2,,
383,JAE-196,JAE196,,696,727,2,112,2,,,,,,,TRUE,,,,,,,818,,2,,
384,JAE-283 R3,JAE283R3,,772,806,2,112,2,,,,,,,TRUE,247,,,,,,897,,2,,
385,JAE-263 R1,JAE263R1,,753,787,2,112,2,,,,,,,TRUE,,,,,,,878,,2,,
386,JAE-262 R1,JAE262R1,,752,786,2,112,2,,,,,,,TRUE,,,,,,,877,,2,,
387,JAE-300,JAE300,,789,828,3,0,2,,,,,[旧RackLayer 703] 坂田精文堂,,TRUE,266,,,,,,915,,3,,
388,JAE-258,JAE258,,748,782,2,113,2,,,,,,,TRUE,,,,,,,873,,2,,
389,JAE-259,JAE259,,749,783,2,113,2,,,,,,,TRUE,,,,,,,874,,2,,
390,JAE-249 AB,JAE249AB,,739,773,2,113,2,,,,,,,TRUE,,,,,,,864,,2,,
391,JAE-256,JAE256,,746,780,2,113,2,,,,,,,TRUE,,,,,,,871,,2,,
392,JAE-257,JAE257,,747,781,2,113,2,,,,,,,TRUE,,,,,,,872,,2,,
393,JAE-254,JAE254,,744,778,2,113,2,,,,,,,TRUE,,,,,,,869,,2,,
394,JAE-302 R1,JAE302R1,,791,831,,704,2,,,,,,,TRUE,268,,,廃棄済,3/23/2026,,917,廃棄済,,,
395,JAE-253,JAE253,,743,777,2,113,2,,,,,,,TRUE,,,,,,,868,,2,,
396,JAE-290,JAE290,,779,815,2,113,2,,,,,,,TRUE,255,,,,,,904,,2,,
397,JAE-318,JAE318,,807,853,2,122,2,,,,,坂田精文堂 240605,,TRUE,285,,,,,,934,,2,,
398,JAE-294,JAE294,,783,820,2,113,2,,,,,,,TRUE,259,,,,,,908,,2,,
399,JAE-308,JAE308,,797,839,2,112,2,,,,,坂田工場2024.5.15,,TRUE,274,,,,,,923,,2,,
400,JAE-301,JAE301,,790,829,2,113,2,,,,,青森・YSD,,TRUE,267,,,,,,916,,2,,
401,JAE-295 R1,JAE295R1,,784,821,2,113,2,,,,,,,TRUE,260,,,,,,909,,2,,
402,JAE-255,JAE255,,745,779,2,113,2,,,,,,,TRUE,,,,,,,870,,2,,
403,JAE-193,JAE193,,694,725,2,114,2,,,,,,,TRUE,,,,,,,816,,2,,
404,JAE-203 R1,JAE203R1,,702,734,2,114,2,,,,,,,TRUE,,,,,,,825,,2,,
405,JAE-003,JAE003,,601,613,2,114,2,,,,,,,TRUE,,,,,,,706,,2,,
406,JAE-275 R2,JAE275R2,,765,799,2,114,2,,,,,,,TRUE,240,,,,,,890,,2,,
407,JAE-240,JAE240,,732,766,2,114,2,,,,,,,TRUE,,,,,,,857,,2,,
408,JAE-019,JAE019,,610,623,2,114,2,,,,,,,TRUE,,,,,,,716,,2,,
409,JAE-052,JAE052,,627,644,,704,2,,,,,,,TRUE,,,,廃棄済,3/23/2026,,737,廃棄済,,,
410,JAE-043,JAE043,,622,638,2,114,2,,,,,,,TRUE,,,,,,,731,,2,,
411,JAE-092,JAE092,,639,661,2,114,2,,,,,,,TRUE,,,,,,,753,,2,,
412,JAE-116 R1,JAE116R1,,645,669,2,114,2,,,,,,,TRUE,,,,,,,761,,2,,
413,JAE-128 R1,JAE128R1,,650,677,2,114,2,,,,,,,TRUE,,,,,,,768,,2,,
414,JAE-065 R2,JAE065R2,,631,649,2,114,2,,,,,,,TRUE,,,,,,,742,,2,,
415,JAE-032,JAE032,,614,629,2,114,2,,,,,,,TRUE,,,,,,,722,,2,,
416,JAE-191,JAE191,,692,723,2,114,2,,,,,,,TRUE,,,,,,,814,,2,,
417,JAE-222 R1,JAE222R1,,715,749,,704,2,,,,,,,TRUE,,,,廃棄済,3/23/2026,,840,廃棄済,,,
418,JAE-078,JAE078,,634,656,2,114,2,,,,,,,TRUE,,,,,,,748,,2,,
419,JAE-024,JAE024,,613,626,2,114,2,,,,,,,TRUE,,,,,,,719,,2,,
420,JAE-034 ZF,JAE034ZF,,616,3652,2,114,2,,,,,,,TRUE,,,,,,,3671,,2,,
421,JAE-198,JAE198,,698,729,2,114,2,,,,,,,TRUE,,,,,,,820,,2,,
422,JAE-224,JAE224,,717,751,2,114,2,,,,,,,TRUE,,,,,,,842,,2,,
424,JAE-012,JAE012,,608,620,,704,2,,,,,,,TRUE,,,,廃棄済,3/13/2025,,713,廃棄済,,,
425,JAE-041,JAE041,,620,636,2,114,2,,,,,,,TRUE,,,,,,,729,,2,,
426,JAE-230,JAE230,,723,757,2,114,2,,,,,,,TRUE,,,,,,,848,,2,,
427,JAE-149,JAE149,,662,690,2,114,2,,,,,,,TRUE,,,,,,,781,,2,,
428,JAE-053,JAE053,,628,645,,704,2,,,,,,,TRUE,,,,廃棄済,3/23/2026,,738,廃棄済,,,
429,JAE-247,JAE247,,738,772,2,114,2,,,,,,,TRUE,,,,,,,863,,2,,
430,JAE-186,JAE186,,688,718,2,114,2,,,,,,,TRUE,,,,,,,809,,2,,
431,ADV-029 R?,ADV029R?,,89,40,2,115,2,,,,,,,TRUE,,,,,,,141,,2,,
432,ADV-009,ADV009,,83,30,2,115,2,,,,,,,TRUE,,,,,,,131,,2,,
433,ADY-079,ADY079,,108,69,,0,2,,,,,[旧RackLayer 705] 出荷・返却済,,TRUE,,返却済,10/16/2024,,,,170,返却済,,,
434,ADY-118,ADY118,,139,105,2,115,2,,,,,,,TRUE,,,,,,,284,,2,,
435,ADY-119,ADY119,,140,106,2,115,2,,,,,,,TRUE,,,,,,,285,,2,,
436,ADY-105,ADY105,,130,95,2,115,2,,,,,,,TRUE,,,,,,,196,,2,,
437,ADY-080,ADY080,,109,70,2,115,2,,,,,,,TRUE,,,,,,,171,,2,,
438,ADY-102,ADY102,,127,92,2,115,2,,,,,,,TRUE,,,,,,,193,,2,,
439,ADY-115,ADY115,,138,103,2,115,2,,,,,,,TRUE,,,,,,,282,,2,,
440,ADY-053,ADY053,,96,48,2,115,2,,,,,,,TRUE,,,,,,,149,,2,,
441,ADV-025R,ADV025R,,86,37,2,115,2,,,,,,,TRUE,,,,,,,138,,2,,
442,ADY-097,ADY097,,123,86,2,115,2,,,,,,,TRUE,,,,,,,187,,2,,
443,ADY-087,ADY087,,117,78,2,115,2,,,,,,,TRUE,114,,,,,,179,,2,,
444,ADY-093R,ADY093R,,121,84,,0,2,,,,,[旧RackLayer 705] 出荷・返却済,,TRUE,,返却予定,10/16/2024,,,,185,返却済,,,
445,ADY-071,ADY071,,105,61,2,115,2,,,,,,,TRUE,,,,,,,162,,2,,
446,ADY-063,ADY063,,101,55,2,115,2,,,,,,,TRUE,,,,,,,156,,2,,
447,AFMC-002,AFMC002,,145,114,2,115,2,,,,,,,TRUE,,,,,,,292,,2,,
448,AON-001,AON001,,184,158,2,115,2,,,,,,,TRUE,,,,,,,336,,2,,
449,DIC-130,DIC130,,382,374,2,101,2,,,,,,,TRUE,,,,,,,549,,2,,
450,TE-024,TE024,,2073,2441,2,13,2,,,,,,,TRUE,,,,,,,2502,,2,,
451,DIC-040,DIC040,,310,300,2,101,2,,,,,,,TRUE,,,,,,,475,,2,,
452,DIC-090,DIC090,,347,339,2,101,2,,,,,,,TRUE,,,,,,,514,,2,,
453,DIC-031,DIC031,,307,296,2,101,2,,,,,,,TRUE,,,,,,,471,,2,,
454,DIC-030,DIC030,,306,295,2,101,2,,,,,,,TRUE,,,,,,,470,,2,,
455,PLX-001,PLX001,,1640,1890,2,51,2,,,,,,,TRUE,,,,,,,1965,,2,,
456,DIC-139,DIC139,,391,383,2,101,2,,,,,,,TRUE,,,,,,,558,,2,,
457,DIC-137,DIC137,,389,381,2,101,2,,,,,,,TRUE,,,,,,,556,,2,,
458,DIC-147,DIC147,,399,394,2,101,2,,,,,,,TRUE,,,,,,,567,,2,,
459,DIC-046,DIC046,,315,306,2,101,2,,,,,,,TRUE,,,,,,,481,,2,,
460,DIC-132,DIC132,,384,376,3,0,2,,,,,[旧RackLayer 703] 坂田精文堂,,TRUE,,,,,,,551,,3,,
461,DDB-003,DDB003,,285,270,2,101,2,,,,,,,TRUE,,,,,,,446,,2,,
462,DIC-001,DIC001,,290,277,3,0,2,,,,,[旧RackLayer 703] 坂田精文堂,InUse,TRUE,,,,,,,452,,3,,
463,DIC-009T,DIC009T,,296,284,2,101,2,,,,,坂田精文堂・図面確認依頼,,TRUE,,,,,,,459,,2,,
464,DIM-001R,DIM001R,,401,399,2,101,2,,,,,,,TRUE,,,,,,,572,,2,,
465,DIC-009,DIC009,,296,283,2,102,2,,,,,坂田精文堂・図面確認依頼,,TRUE,,,,,,,458,,2,,
466,DIC-016,DIC016,,302,289,2,102,2,,,,,,,TRUE,,,,,,,464,,2,,
467,DIC-012,DIC012,,300,287,2,102,2,,,,,,,TRUE,,,,,,,462,,2,,
468,DIC-120,DIC120,,375,367,2,102,2,,,,,,,TRUE,,,,,,,542,,2,,
469,DIC-015,DIC015,,301,288,2,102,2,,,,,,,TRUE,,,,,,,463,,2,,
470,DIC-011,DIC011,,299,286,2,102,2,,,,,,,TRUE,,,,,,,461,,2,,
471,DIC-144,DIC144,,396,389,2,102,2,,,,,,,TRUE,,,,,,,563,,2,,
472,DIC-129,DIC129,,381,373,2,102,2,,,,,,,TRUE,,,,,,,548,,2,,
473,DIC-142,DIC142,,394,386,2,102,2,,,,,,,TRUE,,,,,,,561,,2,,
474,DIC-083,DIC083,,341,333,2,102,2,,,,,,,TRUE,,,,,,,508,,2,,
475,DIC-126,DIC126,,379,371,2,102,2,,,,,,,TRUE,,,,,,,546,,2,,
476,DIC-136,DIC136,,388,380,2,102,2,,,,,,,TRUE,,,,,,,555,,2,,
477,DIC-141,DIC141,,393,385,2,102,2,,,,,,,TRUE,,,,,,,560,,2,,
478,DIC-121,DIC121,,376,368,2,102,2,,,,,,,TRUE,,,,,,,543,,2,,
479,DIC-125,DIC125,,378,370,2,102,2,,,,,,,TRUE,,,,,,,545,,2,,
480,DIC-106,DIC106,,362,354,2,102,2,,,,,,,TRUE,,,,,,,529,,2,,
481,DIC-105,DIC105,,361,353,2,102,2,,,,,,,TRUE,,,,,,,528,,2,,
482,DIC-075R,DIC075R,,337,329,2,103,2,,,,,,,TRUE,,,,,,,504,,2,,
483,DIC-095,DIC095,,352,344,2,103,2,,,,,,,TRUE,,,,,,,519,,2,,
484,DIC-101,DIC101,,359,351,2,103,2,,,,,,,TRUE,,,,,,,526,,2,,
485,DIC-061,DIC061,,329,321,2,103,2,,,,,,,TRUE,,,,,,,496,,2,,
486,DIC-088,DIC088,,346,338,2,103,2,,,,,,,TRUE,,,,,,,513,,2,,
487,DIC-100,DIC100,,358,350,2,103,2,,,,,,,TRUE,,,,,,,525,,2,,
488,DIC-116,DIC116,,371,363,2,103,2,,,,,,,TRUE,,,,,,,538,,2,,
489,DIC-062,DIC062,,330,322,2,103,2,,,,,,,TRUE,,,,,,,497,,2,,
490,DIC-093,DIC093,,350,342,2,103,2,,,,,,,TRUE,,,,,,,517,,2,,
491,DIC-050,DIC050,,318,310,2,103,2,,,,,,,TRUE,,,,,,,485,,2,,
492,DIC-051,DIC051,,319,311,2,103,2,,,,,,,TRUE,,,,,,,486,,2,,
493,DIC-052,DIC052,,320,312,2,103,2,,,,,,,TRUE,,,,,,,487,,2,,
494,DIC-053,DIC053,,321,313,2,103,2,,,,,,,TRUE,,,,,,,488,,2,,
495,DIC-054,DIC054,,322,314,2,103,2,,,,,,,TRUE,,,,,,,489,,2,,
496,DIC-055,DIC055,,323,315,2,103,2,,,,,,,TRUE,,,,,,,490,,2,,
497,DIC-056,DIC056,,324,316,2,103,2,,,,,,,TRUE,,,,,,,491,,2,,
498,DIC-057,DIC057,,325,317,2,103,2,,,,,,,TRUE,,,,,,,492,,2,,
499,DIC-058,DIC058,,326,318,2,103,2,,,,,,,TRUE,,,,,,,493,,2,,
500,DIC-059,DIC059,,327,319,2,103,2,,,,,,,TRUE,,,,,,,494,,2,,
501,DIC-135,DIC135,,387,379,2,103,2,,,,,,,TRUE,,,,,,,554,,2,,
502,DIC-084,DIC084,,342,334,2,103,2,,,,,,,TRUE,,,,,,,509,,2,,
503,DIC-114,DIC114,,369,361,2,103,2,,,,,,,TRUE,,,,,,,536,,2,,
504,DIC-094,DIC094,,351,343,2,103,2,,,,,,,TRUE,,,,,,,518,,2,,
505,DNS-001B,DNS001B,,420,429,2,105,2,,,,,,,TRUE,,,,,,,601,,2,,
506,DNS-001T,DNS001T,,420,430,2,105,2,,,,,,,TRUE,,,,,,,602,,2,,
507,DIC-140,DIC140,,392,384,2,101,2,,,,,,,TRUE,,,,,,,559,,2,,
508,DIM-002,DIM002,,402,400,2,105,2,,,,,,,TRUE,,,,,,,573,,2,,
509,DIC-063,DIC063,,331,323,2,103,2,,,,,,,TRUE,,,,,,,498,,2,,
510,DIC-102,DIC102,,360,352,2,104,2,,,,,,,TRUE,,,,,,,527,,2,,
511,DIC-119,DIC119,,374,366,2,104,2,,,,,,,TRUE,,,,,,,541,,2,,
512,DIC-074R,DIC074R,,336,328,2,104,2,,,,,,,TRUE,,,,,,,503,,2,,
514,DIC-107,DIC107,,363,355,2,104,2,,,,,,,TRUE,,,,,,,530,,2,,
515,DIC-060,DIC060,,328,320,2,104,2,,,,,,,TRUE,,,,,,,495,,2,,
516,DIC-113,DIC113,,368,360,2,104,2,,,,,,,TRUE,,,,,,,535,,2,,
517,DIC-076,DIC076,,338,330,2,104,2,,,,,,,TRUE,,,,,,,505,,2,,
518,DIC-010,DIC010,,298,285,2,104,2,,,,,,,TRUE,,,,,,,460,,2,,
519,DIC-077,DIC077,,339,331,2,104,2,,,,,,,TRUE,,,,,,,506,,2,,
521,DIC-078,DIC078,,340,332,2,104,2,,,,,,,TRUE,,,,,,,507,,2,,
522,DIC-005,DIC005,,293,280,2,104,2,,,,,,,TRUE,,,,,,,455,,2,,
523,DIC-085,DIC085,,343,335,2,104,2,,,,,,,TRUE,,,,,,,510,,2,,
524,DIC-011,DIC011,,299,286,2,104,2,,,,,,,TRUE,,,,,,,461,,2,,
525,DIC-087,DIC087,,345,337,2,104,2,,,,,,,TRUE,,,,,,,512,,2,,
526,DIC-007,DIC007,,294,281,2,104,2,,,,,,,TRUE,,,,,,,456,,2,,
527,DIC-096,DIC096,,353,345,2,104,2,,,,,,,TRUE,,,,,,,520,,2,,
528,DIC-097R3,DIC097R3,,354,347,2,104,2,,,,,,,TRUE,,,,,,,522,,2,,
529,DIC-097,DIC097,,354,346,2,104,2,,,,,,,TRUE,,,,,,,521,,2,,
530,DIC-098,DIC098,,356,348,2,104,2,,,,,,,TRUE,,,,,,,523,,2,,
531,DIC-099,DIC099,,357,349,2,104,2,,,,,,,TRUE,,,,,,,524,,2,,
532,DIC-108,DIC108,,364,356,2,104,2,,,,,,,TRUE,,,,,,,531,,2,,
533,DIC-110,DIC110,,365,357,2,104,2,,,,,,,TRUE,,,,,,,532,,2,,
534,DIC-111,DIC111,,366,358,2,654,2,,,,,,,TRUE,,,,,,,533,,2,,
535,DIC-086,DIC086,,344,336,2,103,2,,,,,,,TRUE,,,,,,,511,,2,,
536,DIC-112,DIC112,,367,359,2,104,2,,,,,,,TRUE,,,,,,,534,,2,,
537,DIC-117,DIC117,,372,364,2,104,2,,,,,,,TRUE,,,,,,,539,,2,,
538,DIC-134,DIC134,,386,378,2,104,2,,,,,,,TRUE,,,,,,,553,,2,,
539,DIC-115,DIC115,,370,362,2,104,2,,,,,,,TRUE,,,,,,,537,,2,,
540,DIC-118,DIC118,,373,365,2,104,2,,,,,,,TRUE,,,,,,,540,,2,,
541,DIC-122,DIC122,,377,369,2,104,2,,,,,,,TRUE,,,,,,,544,,2,,
542,CK-008,CK008,,262,245,2,105,2,,,,,,,TRUE,,,,,,,421,,2,,
543,CIPS-001,CIPS001,,255,238,2,105,2,,,,,,,TRUE,,,,,,,414,,2,,
544,CIPS-002,CIPS002,,256,239,2,105,2,,,,,,,TRUE,,,,,,,415,,2,,
545,CIPS-005,CIPS005,,258,241,2,105,2,,,,,,,TRUE,,,,,,,417,,2,,
546,CIPS-003,CIPS003,,257,240,2,105,2,,,,,,,TRUE,,,,,,,416,,2,,
547,CK-009,CK009,,263,246,2,105,2,,,,,,,TRUE,,,,,,,422,,2,,
548,CK-005,CK005,,260,243,2,105,2,,,,,,,TRUE,,,,,,,419,,2,,
549,C-015-01,C01501,,249,3350,2,105,2,,,,,,,TRUE,,,,,,,3390,,2,,
550,CK-004,CK004,,259,242,2,105,2,,,,,,,TRUE,,,,,,,418,,2,,
551,ELS-001,ELS001,,430,439,2,105,2,,,,,,,TRUE,,,,,,,205,,2,,
552,CSFHI-1601,CSFHI1601,,273,258,2,105,2,,,,,,,TRUE,,,,,,,434,,2,,
553,COT-004,COT004,,271,254,2,94,2,,,,,,,TRUE,,,,,,,430,,2,,
554,SK-011 (EL-P-09),SK011(ELP09),,1762,2036,2,105,2,,,,,,,TRUE,,,,,,,2107,,2,,
555,CEJ-001,CEJ001,,251,233,2,105,2,,,,,,,TRUE,,,,,,,409,,2,,
556,CGI-003,CGI003,,253,235,2,105,2,,,,,,,TRUE,,,,,,,411,,2,,
557,CBS-001,CBS001,,250,232,2,105,2,,,,,,,TRUE,,,,,,,408,,2,,
558,ELI-001R1　廃棄,ELI001R1廃棄,,429,436,2,704,2,,,,,廃棄準備,,TRUE,,,,廃棄済,,,202,廃棄済,2,,
559,FDK-009,FDK009,,502,514,2,105,2,,,,,,,TRUE,,,,,,,607,,2,,
560,FDK-008,FDK008,,501,513,2,105,2,,,,,,,TRUE,,,,,,,278,,2,,
561,FJK-004,FJK004,,508,522,2,292,2,,,,,,,TRUE,,,,,,,615,,2,,
562,FDK-005,FDK005,,498,510,2,105,2,,,,,,,TRUE,,,,,,,275,,2,,
563,AMP-010,AMP010,,165,136,2,91,2,,,,,,,TRUE,,,,,,,314,,2,,
564,AMP-014,AMP014,,171,142,2,91,2,,,,,,,TRUE,,,,,,,320,,2,,
565,AMP-025,AMP025,,181,152,2,91,2,,,,,,,TRUE,,,,,,,330,,2,,
566,AMP-012,AMP012,,168,139,2,91,2,,,,,,,TRUE,,,,,,,317,,2,,
567,AMP-022,AMP022,,178,149,2,91,2,,,,,,,TRUE,,,,,,,327,,2,,
568,AMP-024,AMP024,,180,151,2,91,2,,,,,1/2,,TRUE,,,,,,,329,,2,,
569,AMP-018,AMP018,,175,146,2,91,2,,,,,,,TRUE,,,,,,,324,,2,,
570,AMP-026,AMP026,,182,153,2,91,2,,,,,,,TRUE,,,,,,,331,,2,,
571,AMP-021,AMP021,,177,148,2,91,2,,,,,,,TRUE,,,,,,,326,,2,,
572,AMP-027,AMP027,,183,154,2,91,2,,,,,,,TRUE,,,,,,,332,,2,,
573,AMP-010-3,AMP0103,,166,137,2,91,2,,,,,,,TRUE,,,,,,,315,,2,,
574,AMP-017,AMP017,,174,145,2,91,2,,,,,,,TRUE,,,,,,,323,,2,,
575,AMP-015,AMP015,,172,143,2,91,2,,,,,,,TRUE,,,,,,,321,,2,,
576,AMP-019,AMP019,,176,147,2,91,2,,,,,,,TRUE,,,,,,,325,,2,,
577,AMP-016,AMP016,,173,144,2,91,2,,,,,,,TRUE,,,,,,,322,,2,,
578,AMP-024,AMP024,,180,151,2,92,2,,,,,2/2,,TRUE,,,,,,,329,,2,,
579,AMP-013,AMP013,,169,140,2,92,2,,,,,,,TRUE,,,,,,,318,,2,,
580,AMP-023,AMP023,,179,150,2,92,2,,,,,,,TRUE,,,,,,,328,,2,,
581,ALP-001B,ALP001B,,3872,133,2,92,2,,,,,,,TRUE,,,,,,,311,,2,,
582,ALP-001A,ALP001A,,3872,132,2,92,2,,,,,,,TRUE,,,,,,,310,,2,,
583,BNS-001,BNS001,,247,230,2,92,2,,,,,,,TRUE,,,,,,,406,,2,,
584,ALF-002,ALF002,,161,130,2,92,2,,,,,,,TRUE,,,,,,,308,,2,,
585,ALF-001,ALF001,,160,129,2,92,2,,,,,,,TRUE,,,,,,,307,,2,,
586,TNX-023,TNX023,,2622,3127,2,81,2,,,,,,,TRUE,,,,,,,3168,,2,,
587,PNS-004,PNS004,,1647,1899,2,51,2,,,,,,,TRUE,,,,,,,1973,,2,,
588,QA-007,QA007,,1658,1912,2,51,2,,,,,,,TRUE,,,,,,,1984,,2,,
589,PNS-005,PNS005,,1648,1900,2,51,2,,,,,,,TRUE,,,,,,,1974,,2,,
590,PNS-007,PNS007,,1650,1902,2,51,2,,,,,,,TRUE,,,,,,,1976,,2,,
591,QA-006,QA006,,1657,1911,2,51,2,,,,,,,TRUE,,,,,,,1983,,2,,
592,QA-005,QA005,,1656,1910,2,51,2,,,,,,,TRUE,,,,,,,1982,,2,,
593,COT-002,COT002,,268,251,2,94,2,,,,,,,TRUE,,,,,,,427,,2,,
594,COT-003B,COT003B,,269,252,2,94,2,,,,,,,TRUE,,,,,,,428,,2,,
595,COT-003T,COT003T,,269,253,2,94,2,,,,,,,TRUE,,,,,,,429,,2,,
596,COT-001,COT001,,267,250,2,94,2,,,,,,,TRUE,,,,,,,426,,2,,
597,CGR-002PP,CGR002PP,,254,236,2,94,2,,,,,,,TRUE,,,,,,,412,,2,,
598,CGI-002,CGI002,,252,234,2,94,2,,,,,,,TRUE,,,,,,,410,,2,,
599,CPL-PET,CPLPET,,272,256,2,94,2,,,,,,,TRUE,,,,,,,432,,2,,
600,CK-006,CK006,,261,244,2,94,2,,,,,,,TRUE,,,,,,,420,,2,,
601,TNX-020,TNX020,,2620,3125,2,81,2,,,,,,,TRUE,,,,,,,3166,,2,,
602,TNX-018,TNX018,,2618,3123,2,81,2,,,,,,,TRUE,,,,,,,3164,,2,,
603,TNX-012,TNX012,,2612,3117,2,81,2,,,,,,,TRUE,,,,,,,3158,,2,,
604,FJK-003,FJK003,,507,521,2,292,2,,,,,,,TRUE,,,,,,,614,,2,,
605,JR-1,JR1,,817,866,2,72,2,,,,,,,TRUE,,,,,,,946,,2,,
606,FJK-006,FJK006,,509,523,2,292,2,,,,,,,TRUE,,,,,,,616,,2,,
607,FJK-002,FJK002,,506,520,2,292,2,,,,,,,TRUE,,,,,,,613,,2,,
608,FJK-001,FJK001,,505,519,2,292,2,,,,,,,TRUE,,,,,,,612,,2,,
609,FJK-2,FJK2,,510,524,2,292,2,,,,,,,TRUE,,,,,,,617,,2,,
610,DDB-001,DDB001,,283,268,2,94,2,,,,,,,TRUE,,,,,,,444,,2,,
611,DDB-004,DDB004,,286,271,2,94,2,,,,,,,TRUE,,,,,,,447,,2,,
612,DDB-002,DDB002,,284,269,2,94,2,,,,,,,TRUE,,,,,,,445,,2,,
613,PNS-003B,PNS003B,,1645,1897,2,51,2,,,,,,,TRUE,,,,,,,1971,,2,,
614,PNS-001,PNS001,,1643,1894,2,51,2,,,,,,,TRUE,,,,,,,1968,,2,,
615,PNS-002B/T,PNS002B/T,,4112,1896,2,51,2,,,,,,,TRUE,,,,,,,1970,,2,,
616,PLX-002 R2,PLX002R2,,1641,1892,2,51,2,,,,,,,TRUE,,,,,,,1967,,2,,
618,TNX-004,TNX004,,2607,3112,2,81,2,,,,,,,TRUE,,,,,,,3153,,2,,
619,TNX-021,TNX021,,2621,3126,2,81,2,,,,,,,TRUE,,,,,,,3167,,2,,
620,AGR-001,AGR001,,146,115,2,95,2,,,,,,,TRUE,,,,,,,293,,2,,
621,ARD-001,ARD001,,200,175,2,95,2,,,,,,,TRUE,,,,,,,352,,2,,
622,AAT-006,AAT006,,79,22,2,95,2,,,,,,,TRUE,,,,,,,123,,2,,
623,ADY-104,ADY104,,129,94,2,95,2,,,,,,,TRUE,,,,,,,195,,2,,
624,AMP-011,AMP011,,167,138,2,95,2,,,,,,,TRUE,,,,,,,316,,2,,
625,EXD-026,EXD026,,481,492,2,281,2,,,,,,,TRUE,,,,,,,257,,2,,
626,EXD-012,EXD012,,474,484,2,281,2,,,,,,,TRUE,,,,,,,250,,2,,
627,ADV,ADV,,82,25,2,95,2,,,,,,,TRUE,,,,,,,126,,2,,
628,APF-006,APF006,,198,173,2,95,2,,,,,APE-006？,,TRUE,129,,,,,,351,,2,,
629,AFMC-001,AFMC001,,144,113,2,95,2,,,,,,,TRUE,,,,,,,291,,2,,
631,Other-6D704 23A-2,Other6D70423A2,,2952,1865,2,95,2,,,,,,,TRUE,,,,,,,1940,,2,,
633,AP-001,AP001,,186,160,2,92,2,,,,,,,TRUE,,,,,,,338,,2,,
634,AP-024,AP024,,187,161,2,92,2,,,,,,,TRUE,,,,,,,339,,2,,
635,AP-102,AP102,,190,164,2,92,2,,,,,,,TRUE,,,,,,,342,,2,,
636,AZUMA-IND-4PL,AZUMAIND4PL,,245,227,2,92,2,,,,,,,TRUE,,,,,,,403,,2,,
637,AP-30,AP30,,193,167,2,95,2,,,,,,,TRUE,,,,,,,345,,2,,
638,AP-10,AP10,,188,162,2,95,2,,,,,,,TRUE,,,,,,,340,,2,,
639,ADV-033,ADV033,,91,42,2,95,2,,,,,,,TRUE,,,,,,,143,,2,,
640,AP-104,AP104,,192,166,2,95,2,,,,,,,TRUE,,,,,,,344,,2,,
641,AP-101,AP101,,189,163,2,95,2,,,,,,,TRUE,,,,,,,341,,2,,
642,AP-103,AP103,,191,165,2,95,2,,,,,,,TRUE,,,,,,,343,,2,,
643,NGK-003,NGK003,,1395,1584,2,52,2,,,,,,,TRUE,,,,,,,1661,,2,,
644,ARK-002,ARK002,,202,177,2,82,2,,,,,1/2,,TRUE,,,,,,,354,,2,,
645,SYS-001,SYS001,,1952,2307,2,82,2,,,,,,,TRUE,,,,,,,2370,,2,,
646,APF-004,APF004,,197,172,2,82,2,,,,,,,TRUE,,,,,,,350,,2,,
647,TNX-001,TNX001,,2606,3110,2,81,2,,,,,,,TRUE,,,,,,,3151,,2,,
648,TIH-001,TIH001,,2518,3004,2,82,2,,,,,1/2,,TRUE,,,,,,,3058,,2,,
651,TII-001,TII001,,2555,3045,2,82,2,,,,,,,TRUE,,,,,,,3086,,2,,
652,NGT-001,NGT001,,1414,1606,2,81,2,,,,,,,TRUE,,,,,,,1683,,2,,
653,ARK-001,ARK001,,201,176,2,82,2,,,,,1/2,,TRUE,,,,,,,353,,2,,
654,SJI-017,SJI017,,1741,2013,2,23,2,,,,,,,TRUE,,,,,,,2084,,2,,
655,TBG-004,TBG004,,1966,2323,2,293,2,,,,,,,TRUE,,,,,,,2386,,2,,
656,TBG-005,TBG005,,1967,2324,2,293,2,,,,,,,TRUE,,,,,,,2387,,2,,
657,TBG-013,TBG013,,1975,2332,2,81,2,,,,,,,TRUE,,,,,,,2395,,2,,
658,TBG-023,TBG023,,1983,2340,2,81,2,,,,,,,TRUE,,,,,,,2403,,2,,
659,TBG-019,TBG019,,1981,2338,2,293,2,,,,,,,TRUE,,,,,,,2401,,2,,
660,SHT-002,SHT002,,1707,1971,2,82,2,,,,,,,TRUE,,,,,,,2042,,2,,
661,TNX-013,TNX013,,2613,3118,2,81,2,,,,,,,TRUE,,,,,,,3159,,2,,
662,TBG-026,TBG026,,1985,2343,2,81,2,,,,,,,TRUE,,,,,,,2406,,2,,
663,FDK-003,FDK003,,497,508,2,82,2,,,,,,,TRUE,,,,,,,273,,2,,
664,MTE-002,MTE002,,1274,1415,2,82,2,,,,,,,TRUE,,,,,,,1493,,2,,
665,EDK-004,EDK004,,426,433,2,81,2,,,,,,,TRUE,,,,,,,605,,2,,
666,SMT-001,SMT001,,1828,2148,2,21,2,,,,,,,TRUE,,,,,,,2219,,2,,
667,DIC-043,DIC043,,312,303,2,101,2,,,,,,,TRUE,,,,,,,478,,2,,
668,NFC-002,NFC002,,1392,1581,2,82,2,,,,,,,TRUE,,,,,,,1658,,2,,
669,ASC-001,ASC001,,203,178,2,92,2,,,,,,,TRUE,,,,,,,355,,2,,
670,WTN-007,WTN007,,2696,3206,2,82,2,,,,,,,TRUE,,,,,,,3247,,2,,
671,WTN-006R2,WTN006R2,,2694,3205,2,82,2,,,,,,,TRUE,,,,,,,3246,,2,,
672,FDK-007,FDK007,,500,512,2,82,2,,,,,,,TRUE,,,,,,,277,,2,,
673,TBG-025,TBG025,,1984,2342,2,81,2,,,,,,,TRUE,,,,,,,2405,,2,,
674,TBG-010,TBG010,,1972,2329,2,81,2,,,,,293？,,TRUE,,,,,,,2392,,2,,
675,TBG-011,TBG011,,1973,2330,2,0,2,,,,,293？,,TRUE,,,,,,,2393,,2,,
676,TNX-005,TNX005,,2608,3113,2,81,2,,,,,,,TRUE,,,,,,,3154,,2,,
677,TNX-015,TNX015,,2615,3120,2,81,2,,,,,,,TRUE,,,,,,,3161,,2,,
678,TNX-016,TNX016,,2616,3121,2,81,2,,,,,,,TRUE,,,,,,,3162,,2,,
679,TNX-017,TNX017,,2617,3122,2,81,2,,,,,,,TRUE,,,,,,,3163,,2,,
680,TNX-007,TNX007,,2610,3115,2,81,2,,,,,,,TRUE,,,,,,,3156,,2,,
681,TNX-006,TNX006,,2609,3114,2,81,2,,,,,,,TRUE,,,,,,,3155,,2,,
682,TBG-028,TBG028,,1987,2345,2,81,2,,,,,,,TRUE,,,,,,,2408,,2,,
683,TBG-030,TBG030,,1988,2346,2,81,2,,,,,,,TRUE,,,,,,,2409,,2,,
684,TBG-002,TBG002,,1964,2321,2,81,2,,,,,,,TRUE,,,,,,,2384,,2,,
685,MIS-2-005,MIS2005,,1213,1351,2,82,2,,,,,,,TRUE,,,,,,,1429,,2,,
686,TBG-022,TBG022,,1982,2339,2,293,2,,,,,,,TRUE,,,,,,,2402,,2,,
687,TBG-014,TBG014,,1976,2333,2,293,2,,,,,,,TRUE,,,,,,,2396,,2,,
688,TNX-019,TNX019,,2619,3124,2,81,2,,,,,,,TRUE,,,,,,,3165,,2,,
689,TBG-007,TBG007,,1969,2326,2,83,2,,,,,,,TRUE,,,,,,,2389,,2,,
690,TBG-008,TBG008,,1970,2327,2,83,2,,,,,,,TRUE,,,,,,,2390,,2,,
691,TBG-006,TBG006,,1968,2325,2,83,2,,,,,,,TRUE,,,,,,,2388,,2,,
692,TBG-003,TBG003,,1965,2322,2,293,2,,,,,,,TRUE,,,,,,,2385,,2,,
693,TBG-015,TBG015,,1977,2334,2,293,2,,,,,,,TRUE,,,,,,,2397,,2,,
694,SMK-001,SMK001,,1802,2092,2,652,2,,,,,,,TRUE,,,,,,,2163,,2,,
695,DIC-028,DIC028,,305,294,3,0,2,,,,,坂田精文堂・図面確認依頼 | [旧RackLayer 703] 坂田精文堂,,TRUE,,,,,,,469,,3,,
696,MIS-2-001,MIS2001,,1211,1349,,704,2,,,,,,,TRUE,,,,廃棄済,5/7/2025,,1427,廃棄済,,,
699,SMK-213 R3,SMK213R3,,1823,2142,3,0,2,,,,,坂田精文堂・図面確認依頼 Da xac nhan | [旧RackLayer 703] 坂田精文堂,,TRUE,,,,,,,2213,,3,,
700,SMK-214,SMK214,,1824,2143,2,83,2,,,,,,,TRUE,,,,,,,2214,,2,,
701,SMK-215,SMK215,,1825,2144,2,83,2,,,,,,,TRUE,,,,,,,2215,,2,,
702,TIH-019,TIH019,,2536,3026,2,83,2,,,,,,,TRUE,,,,,,,3080,,2,,
703,TNX-024,TNX024,,2623,3128,1,0,2,,,,,2面金型,,TRUE,,,,,,,3169,,1,,
704,DHA-001,DHA001,,287,272,2,83,2,,,,,,,TRUE,,,,,,,448,,2,,
705,JAE-298,JAE298,,787,825,2,83,2,,,,,坂田精文堂・図面確認依頼,,TRUE,264,,,,,,913,,2,,
706,JAE-297,JAE297,,786,824,2,83,2,,,,,坂田精文堂・図面確認依頼,,TRUE,263,,,,,,912,,2,,
707,DIC-131,DIC131,,383,375,2,83,2,,,,,,,TRUE,,,,,,,550,,2,,
708,NSM-003,NSM003,,1510,1733,2,83,2,,,,,,,TRUE,,,,,,,1809,,2,,
709,SJT-001,SJT001,,1756,2029,2,83,2,,,,,,,TRUE,,,,,,,2100,,2,,
710,SKO-001,SKO001,,1781,2064,2,21,2,,,,,,,TRUE,,,,,,,2135,,2,,
711,IGB-001,IGB001,,585,592,2,61,2,,,,,,,TRUE,,,,,,,685,,2,,
712,TBG-012,TBG012,,1974,2331,2,293,2,,,,,,,TRUE,,,,,,,2394,,2,,
713,TBG-018,TBG018,,1979,2336,2,293,2,,,,,,,TRUE,,,,,,,2399,,2,,
714,TBG-001,TBG001,,1963,2320,2,293,2,,,,,,,TRUE,,,,,,,2383,,2,,
715,TBG-017,TBG017,,1978,2335,2,293,2,,,,,,,TRUE,,,,,,,2398,,2,,
716,HAK-001,HAK001,,547,551,2,84,2,,,,,,,TRUE,,,,,,,644,,2,,
717,DIC-044,DIC044,,313,304,2,84,2,,,,,,,TRUE,,,,,,,479,,2,,
718,DIC-045,DIC045,,314,305,2,84,2,,,,,,,TRUE,,,,,,,480,,2,,
719,DIC-067,DIC067,,334,326,2,84,2,,,,,,,TRUE,,,,,,,501,,2,,
720,DIC-068,DIC068,,335,327,2,84,2,,,,,,,TRUE,,,,,,,502,,2,,
721,DIC-066,DIC066,,333,325,2,84,2,,,,,,,TRUE,,,,,,,500,,2,,
722,YSR-021,YSR021,,2919,3488,2,84,2,,,,,,,TRUE,,,,,,,3527,,2,,
723,WTN-002,WTN002,,2690,3198,2,84,2,,,,,,,TRUE,,,,,,,3239,,2,,
724,TSB-003,TSB003,,2651,3158,2,84,2,,,,,,,TRUE,,,,,,,3199,,2,,
725,JAE-282 R3,JAE282R3,,771,805,2,84,2,,,,,,,TRUE,246,,,,,,896,,2,,
726,JAE-281 R3,JAE281R3,,770,804,2,84,2,,,,,,,TRUE,245,,,,,,895,,2,,
727,JAE-233,JAE233,,727,761,2,84,2,,,,,,,TRUE,,,,,,,852,,2,,
729,KDS-139,KDS139,,897,953,2,84,2,,,,,,,TRUE,300,,,,,,1033,,2,,
730,TDS-009,TDS009,,2004,2364,2,84,2,,,,,,,TRUE,,,,,,,2427,,2,,
731,NPC-T-409 No1,NPCT409No1,,1962,2319,2,0,2,,,,,[旧RackLayer 705] 出荷・返却済,,TRUE,,,,,,,2382,返却済,2,,
732,YMS-001 4P,YMS0014P,,2764,3298,2,85,2,,,,,,,TRUE,,,,,,,3338,,2,,
733,SAM-001 R1,SAM001R1,,1685,1945,2,332,2,,,,,使用禁止,,TRUE,440,,,,,,2016,,2,,
734,DIC-041,DIC041,,311,301,2,85,2,,,,,,,TRUE,,,,,,,476,,2,,
735,RYK-005,RYK005,,1681,1939,2,85,2,,,,,,,TRUE,,,,,,,2011,,2,,
736,AAT-005,AAT005,,78,21,2,85,2,,,,,,,TRUE,,,,,,,122,,2,,
737,TDS-010,TDS010,,2005,2365,2,85,2,,,,,,,TRUE,,,,,,,2428,,2,,
738,TBG-027,TBG027,,1986,2344,2,85,2,,,,,坂田精文堂・図面確認依頼,,TRUE,,,,,,,2407,,2,,
739,EXD-042,EXD042,,495,506,2,85,2,,,,,,,TRUE,,,,,,,271,,2,,
740,DIN-001,DIN001,,418,418,2,85,2,,,,,,,TRUE,,,,,,,590,,2,,
741,AST-001,AST001,,213,189,2,85,2,,,,,,,TRUE,,,,,,,366,,2,,
742,Other-20 16-117-27,Other201611727,,2952,1863,2,85,2,,,,,,,TRUE,,,,,,,1939,,2,,
743,SKS-005,SKS005,,1784,2067,2,21,2,,,,,,,TRUE,,,,,,,2138,,2,,
744,TIH-011,TIH011,,2525,3015,2,12,2,,,,,,,TRUE,,,,,,,3069,,2,,
745,H-040-2,H0402,,545,3404,2,31,2,,,,,,,TRUE,,,,,,,3444,,2,,
746,H-030-1,H0301,,542,3401,2,31,2,,,,,,,TRUE,,,,,,,3441,,2,,
747,H-020-1,H0201,,539,3398,2,31,2,,,,,,,TRUE,,,,,,,3438,,2,,
748,MZT-132,MZT132,,1353,1537,2,31,2,,,,,,,TRUE,,,,,,,1615,,2,,
749,YSD-H-050-1,YSDH0501,,546,3405,2,31,2,,,,,,,TRUE,,,,,,,3445,,2,,
750,H-030-2,H0302,,543,3402,2,31,2,,,,,,,TRUE,,,,,,,3442,,2,,
751,H-004-1,H0041,,533,3392,2,31,2,,,,,,,TRUE,,,,,,,3432,,2,,
752,H-025-1,H0251,,541,3400,2,31,2,,,,,,,TRUE,,,,,,,3440,,2,,
753,H-005-1,H0051,,534,3393,2,31,2,,,,,,,TRUE,,,,,,,3433,,2,,
754,MZT-063,MZT063,,1311,1492,2,32,2,,,,,,,TRUE,,,,,,,1570,,2,,
755,MZT-092,MZT092,,1328,1510,2,32,2,,,,,,,TRUE,,,,,,,1588,,2,,
756,MZT-081,MZT081,,1319,1501,2,32,2,,,,,,,TRUE,,,,,,,1579,,2,,
757,MZT-138,MZT138,,1359,1543,2,32,2,,,,,,,TRUE,,,,,,,1621,,2,,
758,MZT-068,MZT068,,1312,1493,2,32,2,,,,,,,TRUE,,,,,,,1571,,2,,
759,H-010-2,H0102,,536,3395,2,32,2,,,,,,,TRUE,,,,,,,3435,,2,,
760,H-040-1,H0401,,544,3403,2,32,2,,,,,,,TRUE,,,,,,,3443,,2,,
761,H-010-1,H0101,,535,3394,2,32,2,,,,,,,TRUE,,,,,,,3434,,2,,
762,H-015-1,H0151,,537,3396,2,32,2,,,,,,,TRUE,,,,,,,3436,,2,,
763,H-020-2,H0202,,540,3399,2,32,2,,,,,,,TRUE,,,,,,,3439,,2,,
764,MZT-073,MZT073,,1315,1496,2,32,2,,,,,,,TRUE,,,,,,,1574,,2,,
765,MZT-100,MZT100,,1331,1513,3,0,2,,,,,32-->返却20240710 | [旧RackLayer 703] 坂田精文堂,,TRUE,,,,,,,1591,,3,,
766,MZT-112,MZT112,,1342,1525,2,33,2,,,,,,,TRUE,,,,,,,1603,,2,,
767,MZT-051,MZT051,,1310,1488,2,33,2,,,,,,,TRUE,,,,,,,1566,,2,,
768,STD-005,STD005,,1932,2280,2,22,2,,,,,,,TRUE,,,,,,,2343,,2,,
769,MZT-106,MZT106,,1336,1518,2,33,2,,,,,,,TRUE,,,,,,,1596,,2,,
770,MZT-007,MZT007,,1305,1476,2,33,2,,,,,,,TRUE,,,,,,,1554,,2,,
771,MZT-084,MZT084,,1322,1504,2,33,2,,,,,,,TRUE,,,,,,,1582,,2,,
772,MZT-108,MZT108,,1338,1520,2,33,2,,,,,,,TRUE,,,,,,,1598,,2,,
773,MZT-091,MZT091,,1327,1509,2,33,2,,,,,,,TRUE,,,,,,,1587,,2,,
774,MZT-137,MZT137,,1358,1542,2,33,2,,,,,,,TRUE,,,,,,,1620,,2,,
775,MZT-129,MZT129,,1350,1534,6,0,2,,,,,[旧RackLayer 705] 出荷・返却済,,TRUE,,,,,,,1612,返却済,6,,
776,MZT-128,MZT128,,1349,1533,2,33,2,,,,,,,TRUE,,,,,,,1611,,2,,
777,MZT-133,MZT133,,1354,1538,2,33,2,,,,,,,TRUE,,,,,,,1616,,2,,
778,MZT-069,MZT069,,1313,1494,2,33,2,,,,,,,TRUE,,,,,,,1572,,2,,
779,MZT-144,MZT144,,1363,1548,2,33,2,,,,,,,TRUE,,,,,,,1626,,2,,
780,MZT-134,MZT134,,1355,1539,2,34,2,,,,,,,TRUE,,,,,,,1617,,2,,
781,MZT-109,MZT109,,1340,1522,2,34,2,,,,,,,TRUE,,,,,,,1600,,2,,
782,MZT-093,MZT093,,1329,1511,2,34,2,,,,,,,TRUE,,,,,,,1589,,2,,
783,MZT-107,MZT107,,1337,1519,2,34,2,,,,,,,TRUE,,,,,,,1597,,2,,
784,MZT-101,MZT101,,1332,1514,2,34,2,,,,,,,TRUE,,,,,,,1592,,2,,
785,MZT-070,MZT070,,1314,1495,2,34,2,,,,,,,TRUE,,,,,,,1573,,2,,
786,MZT-087,MZT087,,1324,1506,2,34,2,,,,,,,TRUE,,,,,,,1584,,2,,
787,MZT-143,MZT143,,1362,1547,2,34,2,,,,,,,TRUE,,,,,,,1625,,2,,
788,MZT-032,MZT032,,1309,1487,2,34,2,,,,,,,TRUE,,,,,,,1565,,2,,
789,MZT-無印,MZT無印,,1305,1551,2,34,2,,,,,,,TRUE,,,,,,,1629,,2,,
790,MZT-099,MZT099,,1330,1512,2,34,2,,,,,,,TRUE,,,,,,,1590,,2,,
791,MZT-015,MZT015,,1308,1483,2,34,2,,,,,,,TRUE,,,,,,,1561,,2,,
792,MZT-115,MZT115,,1345,1529,2,34,2,,,,,,,TRUE,,,,,,,1607,,2,,
793,MZT-116,MZT116,,1346,1530,2,34,2,,,,,,,TRUE,,,,,,,1608,,2,,
794,MZT-008,MZT008,,1307,1477,2,34,2,,,,,,,TRUE,,,,,,,1555,,2,,
795,MZT-139,MZT139,,1360,1544,2,34,2,,,,,,,TRUE,,,,,,,1622,,2,,
796,SLK-106,SLK106,,1792,2076,2,35,2,,,,,,,TRUE,,,,,,,2147,,2,,
797,RYOKA-21-001-000,RYOKA21001000,,1682,1941,2,35,2,,,,,,,TRUE,,,,,,,2013,,2,,
798,MTR-002,MTR002,,1299,1465,2,35,2,,,,,,,TRUE,,,,,,,1543,,2,,
799,MTM-060,MTM060,,1278,1425,2,292,2,,,,,,,TRUE,,,,,,,1503,,2,,
800,MTR-003,MTR003,,1300,1466,2,35,2,,,,,,,TRUE,,,,,,,1544,,2,,
801,MTM-035,MTM035,,1277,1422,2,292,2,,,,,,,TRUE,,,,,,,1500,,2,,
802,MTM-115,MTM115,,1281,1432,2,292,2,,,,,,,TRUE,,,,,,,1510,,2,,
803,MTM-176,MTM176,,1290,1448,2,35,2,,,,,,,TRUE,,,,,,,1526,,2,,
804,MTM-No Name,MTMNoName,,4020,1462,2,292,2,,,,,,,TRUE,,,,,,,1540,,2,,
805,MTM-155,MTM155,,1282,1436,2,35,2,,,,,,,TRUE,,,,,,,1514,,2,,
806,MTM-175,MTM175,,1289,1447,2,35,2,,,,,,,TRUE,,,,,,,1525,,2,,
807,MTR-001R,MTR001R,,4036,1464,2,35,2,,,,,,,TRUE,,,,,,,1542,,2,,
808,MTM-075R,MTM075R,,1279,1427,2,35,2,,,,,,,TRUE,,,,,,,1505,,2,,
809,NML-001(210x160),NML001(210x160),,1443,1638,2,35,2,,,,,,,TRUE,,,,,,,1715,,2,,
810,MMT-011,MMT011,,1233,1371,2,43,2,,,,,,,TRUE,,,,,,,1449,,2,,
811,MMT-002,MMT002,,1225,1363,2,45,2,,,,,,,TRUE,,,,,,,1441,,2,,
812,MMT-004,MMT004,,1227,1365,2,43,2,,,,,,,TRUE,,,,,,,1443,,2,,
813,MMT-015,MMT015,,1237,1375,2,43,2,,,,,,,TRUE,,,,,,,1453,,2,,
814,MMT-001,MMT001,,1224,1362,2,45,2,,,,,,,TRUE,,,,,,,1440,,2,,
815,OGR-009T,OGR009T,,1548,1780,2,41,2,,,,,,,TRUE,,,,,,,1856,,2,,
816,OGR-009B,OGR009B,,1548,1778,2,41,2,,,,,,,TRUE,,,,,,,1854,,2,,
817,OOT-019,OOT019,,1574,1810,2,45,2,,,,,,,TRUE,,,,,,,1886,,2,,
818,OOT-012,OOT012,,1570,1805,2,45,2,,,,,,,TRUE,,,,,,,1881,,2,,
819,OMG-001,OMG001,,1561,1791,2,281,2,,,,,,,TRUE,,,,,,,1867,,2,,
820,OOT-030R1,OOT030R1,,1581,1819,2,41,2,,,,,,,TRUE,,,,,,,1895,,2,,
821,OOT-018,OOT018,,1573,1809,2,45,2,,,,,,,TRUE,,,,,,,1885,,2,,
822,OTAX-022,OTAX022,,1616,1859,2,45,2,,,,,,,TRUE,,,,,,,1935,,2,,
823,OMG-006,OMG006,,1564,1794,2,42,2,,,,,,,TRUE,,返却済,1/30/2025,,,,1870,,2,,
824,OTAX-019,OTAX019,,1614,1857,,704,2,,,,,,,TRUE,,,,廃棄済,12/15/2025,,1933,廃棄済,,,
825,OID-001,OID001,,1557,1787,2,291,2,,,,,,,TRUE,,,,,,,1863,,2,,
826,OSI-001,OSI001,,1599,1839,2,0,2,,,,,[旧RackLayer 705] 出荷・返却済,,TRUE,,返却済,2/2/2026,,,,1915,返却済,2,,
827,OTD-001,OTD001,,1617,1860,2,42,2,,,,,,,TRUE,,,,,,,1936,,2,,
828,OOT-010,OOT010,,1569,1803,2,45,2,,,,,,,TRUE,,,,,,,1879,,2,,
829,OOT-017,OOT017,,1572,1808,2,45,2,,,,,,,TRUE,,,,,,,1884,,2,,
830,OTJ-001,OTJ001,,1623,1874,2,42,2,,,,,冷却付き,,TRUE,,,,,,,1949,,2,,
831,OOT-024,OOT024,,1577,1815,2,41,2,,,,,,,TRUE,,,,,,,1891,,2,,
832,OOT-001,OOT001,,1566,1797,2,284,2,,,,,,,TRUE,,,,,,,1873,,2,,
833,OOT-040,OOT040,,1589,1828,2,41,2,,,,,,,TRUE,,,,,,,1904,,2,,
834,OOT-023,OOT023,,1576,1814,2,45,2,,,,,,,TRUE,,,,,,,1890,,2,,
835,OOT-035,OOT035,,1586,1824,2,41,2,,,,,,,TRUE,,,,,,,1900,,2,,
836,OOT-034,OOT034,,1585,1823,2,42,2,,,,,,,TRUE,,,,,,,1899,,2,,
837,OOT-033,OOT033,,1584,1822,2,41,2,,,,,,,TRUE,,,,,,,1898,,2,,
838,OOT-031,OOT031,,1582,1820,2,41,2,,,,,,,TRUE,,,,,,,1896,,2,,
839,OOT-003,OOT003,,1567,1798,2,45,2,,,,,,,TRUE,,,,,,,1874,,2,,
840,OOT-032,OOT032,,1583,1821,2,41,2,,,,,,,TRUE,,,,,,,1897,,2,,
841,OOT-026,OOT026,,1579,1817,2,41,2,,,,,,,TRUE,,,,,,,1893,,2,,
842,OOT-022,OOT022,,1575,1813,2,41,2,,,,,,,TRUE,,,,,,,1889,,2,,
843,MTM-177,MTM177,,1291,1449,2,35,2,,,,,,,TRUE,,,,,,,1527,,2,,
844,MBS-001,MBS001,,1199,1336,2,292,2,,,,,,,TRUE,,,,,,,1414,,2,,
845,MIC-001,MIC001,,1206,1344,2,35,2,,,,,,,TRUE,,,,,,,1422,,2,,
846,MRY-001,MRY001,,1249,1386,2,44,2,,,,,,,TRUE,,,,,,,1464,,2,,
847,MRY-009,MRY009,,1256,1394,2,44,2,,,,,,,TRUE,,,,,,,1472,,2,,
848,MMT-014,MMT014,,1236,1374,2,43,2,,,,,,,TRUE,,,,,,,1452,,2,,
849,MMT-005,MMT005,,1228,1366,2,43,2,,,,,,,TRUE,,,,,,,1444,,2,,
850,MKP-001,MKP001,,1220,1358,2,42,2,,,,,,,TRUE,,,,,,,1436,,2,,
851,MKP-003,MKP003,,1222,1360,2,42,2,,,,,,,TRUE,,,,,,,1438,,2,,
852,MYS-002,MYS002,,1302,1469,2,291,2,,,,,,,TRUE,,,,,,,1547,,2,,
853,MS-043,MS043,,1265,1404,2,291,2,,,,,MS-43,,TRUE,,,,,,,1482,,2,,
854,MS-034,MS034,,1263,1402,2,292,2,,,,,MS-34,,TRUE,,,,,,,1480,,2,,
855,MKP-002,MKP002,,1221,1359,2,42,2,,,,,,,TRUE,,,,,,,1437,,2,,
856,MRY-013,MRY013,,1260,1398,2,43,2,,,,,,,TRUE,,,,,,,1476,,2,,
857,MRY-002,MRY002,,1250,1387,2,44,2,,,,,,,TRUE,,,,,,,1465,,2,,
858,HOKUTO-No Number,HOKUTONoNumber,,3908,575,2,74,2,,,,,,,TRUE,,,,,,,668,,2,,
859,MTD-001T,MTD001T,,4018,1411,2,291,2,,,,,,,TRUE,,,,,,,1489,,2,,
860,MRY-004,MRY004,,1252,1390,2,44,2,,,,,,,TRUE,,,,,,,1468,,2,,
861,MRY-006,MRY006,,1253,1391,2,44,2,,,,,,,TRUE,,,,,,,1469,,2,,
862,MRY-007,MRY007,,1254,1392,2,44,2,,,,,,,TRUE,,,,,,,1470,,2,,
863,MRY-010,MRY010,,1257,1395,2,44,2,,,,,,,TRUE,,,,,,,1473,,2,,
864,MRY-008,MRY008,,1255,1393,2,44,2,,,,,,,TRUE,,,,,,,1471,,2,,
865,HMP-003 (MRY-003),HMP003(MRY003),,564,568,2,44,2,,,,,,,TRUE,,,,,,,661,,2,,
866,MRY-014,MRY014,,1261,1399,2,44,2,,,,,,,TRUE,,,,,,,1477,,2,,
867,MIY-001 R2,MIY001R2,,1214,1352,2,35,2,,,,,確認済 20241111,,TRUE,,,,,,,1430,,2,,
868,MRY-015,MRY015,,1262,1400,2,44,2,,,,,,,TRUE,,,,,,,1478,,2,,
869,MTD-001B,MTD001B,,4018,1410,2,291,2,,,,,,,TRUE,,,,,,,1488,,2,,
870,MKN-001,MKN001,,1219,1357,2,291,2,,,,,,,TRUE,,,,,,,1435,,2,,
871,MRY-012,MRY012,,1259,1397,2,44,2,,,,,,,TRUE,,,,,,,1475,,2,,
872,MRY-003,MRY003,,1251,1388,2,44,2,,,,,,,TRUE,,,,,,,1466,,2,,
873,MMT-003,MMT003,,1226,1364,2,43,2,,,,,,,TRUE,,,,,,,1442,,2,,
874,MNM-004,MNM004,,1242,1380,2,292,2,,,,,,,TRUE,,,,,,,1458,,2,,
875,MMT-012,MMT012,,1234,1372,2,43,2,,,,,,,TRUE,,,,,,,1450,,2,,
876,MMT-010,MMT010,,1232,1370,2,43,2,,,,,,,TRUE,,,,,,,1448,,2,,
877,MMT-006,MMT006,,1229,1367,2,43,2,,,,,,,TRUE,,,,,,,1445,,2,,
878,MMT-009,MMT009,,1231,1369,2,43,2,,,,,,,TRUE,,,,,,,1447,,2,,
879,MMT-008,MMT008,,1230,1368,2,43,2,,,,,,,TRUE,,,,,,,1446,,2,,
880,MMT-013,MMT013,,1235,1373,2,43,2,,,,,,,TRUE,,,,,,,1451,,2,,
881,MIS-2-004,MIS2004,,1212,1350,2,45,2,,,,,,,TRUE,,,,,,,1428,,2,,
882,MBM-008,MBM008,,1197,1334,2,294,2,,,,,,,TRUE,,,,,,,1412,,2,,
883,MSM-051,MSM051,,1269,1408,2,291,2,,,,,,,TRUE,,,,,,,1486,,2,,
884,MSM-040,MSM040,,1266,1405,2,292,2,,,,,,,TRUE,,,,,,,1483,,2,,
885,MBS-002,MBS002,,1200,1337,2,293,2,,,,,,,TRUE,,,,,,,1415,,2,,
886,MNM-002,MNM002,,1240,1378,2,292,2,,,,,,,TRUE,,,,,,,1456,,2,,
887,MSM-048,MSM048,,1268,1407,2,293,2,,,,,,,TRUE,,,,,,,1485,,2,,
888,MSM-044,MSM044,,1267,1406,2,293,2,,,,,,,TRUE,,,,,,,1484,,2,,
889,OHS-001,OHS001,,1556,1786,2,45,2,,,,,,,TRUE,,,,,,,1862,,2,,
890,OGR-018,OGR018,,1554,1784,2,45,2,,,,,,,TRUE,,,,,,,1860,,2,,
891,OMG-002,OMG002,,1562,1792,2,281,2,,,,,,,TRUE,,,,,,,1868,,2,,
892,ONER-001,ONER001,,1565,1796,2,45,2,,,,,,,TRUE,,,,,,,1872,,2,,
893,ORM-005,ORM005,,1598,1838,2,42,2,,,,,,,TRUE,,,,,,,1914,,2,,
894,ORM-002,ORM002,,1595,1835,2,41,2,,,,,,,TRUE,,,,,,,1911,,2,,
895,MNM-006,MNM006,,1244,1382,2,292,2,,,,,,,TRUE,,,,,,,1460,,2,,
896,MNM-005,MNM005,,1243,1381,2,292,2,,,,,,,TRUE,,,,,,,1459,,2,,
897,MOK-001,MOK001,,1246,1383,2,283,2,,,,,,,TRUE,,,,,,,1461,,2,,
898,MBM-001,MBM001,,1193,1330,2,294,2,,,,,,,TRUE,,,,,,,1408,,2,,
899,MIS-001,MIS001,,1208,1346,2,45,2,,,,,,,TRUE,,,,,,,1424,,2,,
900,MH-001,MH001,,1205,1343,2,45,2,,,,,,,TRUE,,,,,,,1421,,2,,
901,MIY-002,MIY002,,1215,1353,2,35,2,,,,,,,TRUE,,,,,,,1431,,2,,
902,OGR-012,OGR012,,1551,1781,2,41,2,,,,,,,TRUE,,,,,,,1857,,2,,
903,OMG-005,OMG005,,1563,1793,2,42,2,,,,,,,TRUE,,返却済,1/30/2025,,,,1869,,2,,
904,OOT-009,OOT009,,1568,1802,2,45,2,,,,,,,TRUE,,,,,,,1878,,2,,
905,OTAX-020,OTAX020,,1615,1858,2,42,2,,,,,,,TRUE,,,,,,,1934,,2,,
906,HSK-001,HSK001,,575,580,2,52,2,,,,,,,TRUE,,,,,,,673,,2,,
907,HSK-003,HSK003,,577,582,2,52,2,,,,,,,TRUE,,,,,,,675,,2,,
908,HSK-002,HSK002,,576,581,2,52,2,,,,,,,TRUE,,,,,,,674,,2,,
909,NIT-008,NIT008,,1436,1630,2,281,2,,,,,,,TRUE,,,,,,,1707,,2,,
910,NIT-006,NIT006,,1434,1628,2,281,2,,,,,,,TRUE,,,,,,,1705,,2,,
911,NGT-002,NGT002,,1397,4543,2,53,2,,,,,,,TRUE,,,,,,7/29/2025,4500,,2,,
912,NHK-012,NHK012,,1429,1623,2,52,2,,,,,,,TRUE,,,,,,,1700,,2,,
913,NGS-015,NGS015,,1411,1601,2,53,2,,,,,,,TRUE,,,,,,,1678,,2,,
915,IR-2200,IR2200,,593,600,2,61,2,,,,,,,TRUE,,,,,,,693,,2,,
916,NML-007,NML007,,1450,1644,2,52,2,,,,,,,TRUE,,,,,,,1721,,2,,
917,NGS-005B,NGS005B,,1400,1589,2,0,2,,,,,[旧RackLayer 705] 出荷・返却済,,TRUE,,,,,,,1666,返却済,2,,
918,NPC-003,NPC003,,1454,1673,2,52,2,,,,,,,TRUE,,,,,,,1750,,2,,
919,NGS-011,NGS011,,1407,1596,2,53,2,,,,,,,TRUE,,,,,,,1673,,2,,
920,NAC-001,NAC001,,1367,1553,2,52,2,,,,,,,TRUE,,,,,,,1631,,2,,
921,NTT-003,NTT003,,1512,1735,2,53,2,,,,,,,TRUE,,,,,,,1811,,2,,
922,NIT-002,NIT002,,1431,1625,2,281,2,,,,,,,TRUE,,,,,,,1702,,2,,
923,NIT-004,NIT004,,1433,1627,2,281,2,,,,,,,TRUE,,,,,,,1704,,2,,
924,NIT-001,NIT001,,1430,1624,2,281,2,,,,,,,TRUE,,,,,,,1701,,2,,
925,NGS-001,NGS001,,1396,1585,2,53,2,,,,,,,TRUE,,,,,,,1662,,2,,
926,NGS-005T,NGS005T,,1400,1590,2,0,2,,,,,[旧RackLayer 705] 出荷・返却済,,TRUE,,,,,,,1667,返却済,2,,
927,NGT-007,NGT007,,1416,1608,2,54,2,,,,,,,TRUE,,,,,,,1685,,2,,
928,NGS-013,NGS013,,1409,1598,2,53,2,,,,,,,TRUE,,,,,,,1675,,2,,
929,KYANON-No number1,KYANONNonumber1,,4009,1294,2,52,2,,,,,,,TRUE,,,,,,,1372,,2,,
930,NGS-007,NGS007,,1403,1592,2,0,2,,,,,[旧RackLayer 705] 出荷・返却済,,TRUE,,返却済,8/28/2025,,,,1669,返却済,2,,
931,NGS-006,NGS006,,1402,1591,2,53,2,,,,,,,TRUE,,返却済,8/28/2025,,,,1668,,2,,
932,NGT-005,NGT005,,1415,1607,2,54,2,,,,,,,TRUE,,,,,,,1684,,2,,
933,NGS-004,NGS004,,1399,1588,2,0,2,,,,,[旧RackLayer 705] 出荷・返却済,,TRUE,,返却済,1/6/2026,,,,1665,返却済,2,,
934,NGS-014,NGS014,,1410,1600,2,53,2,,,,,,,TRUE,,,,,,,1677,,2,,
935,NGK-001,NGK001,,1393,1582,2,54,2,,,,,,,TRUE,,,,,,,1659,,2,,
936,NKI-004,NKI004,,1438,1632,2,54,2,,,,,,,TRUE,,,,,,,1709,,2,,
937,NKI-003,NKI003,,1437,1631,2,54,2,,,,,,,TRUE,,,,,,,1708,,2,,
938,NSK-015,NSK015,,1506,1729,2,54,2,,,,,,,TRUE,,,,,,,1805,,2,,
939,NKI-007,NKI007,,1440,1634,2,54,2,,,,,,,TRUE,,,,,,,1711,,2,,
940,NKI-005,NKI005,,1439,1633,2,54,2,,,,,,,TRUE,,,,,,,1710,,2,,
941,NGK-002,NGK002,,1394,1583,2,54,2,,,,,,,TRUE,,,,,,,1660,,2,,
942,NIT-007,NIT007,,1435,1629,2,281,2,,,,,,,TRUE,,,,,,,1706,,2,,
943,NGS-009,NGS009,,1405,1594,2,0,2,,,,,[旧RackLayer 705] 出荷・返却済,,TRUE,,返却済,1/6/2026,,,,1671,返却済,2,,
944,NGT-008,NGT008,,1417,1609,2,54,2,,,,,,,TRUE,,,,,,,1686,,2,,
945,NEC-017,NEC017,,1389,1577,2,54,2,,,,,,,TRUE,,,,,,,1654,,2,,
947,NNP-001,NNP001,,1452,1646,2,54,2,,,,,,,TRUE,,,,,,,1723,,2,,
948,NSE-003,NSE003,,1492,1714,2,54,2,,,,,,,TRUE,,,,,,,1790,,2,,
949,NEC-016,NEC016,,1388,1576,2,54,2,,,,,,,TRUE,,,,,,,1653,,2,,
950,NHK-006 R3,NHK006R3,,1428,1621,2,55,2,,,,,本型,,TRUE,,,,,,,1698,,2,,
951,NHC-007,NHC007,,1424,1616,2,55,2,,,,,,,TRUE,,,,,,,1693,,2,,
952,NHC-008,NHC008,,1425,1617,2,55,2,,,,,,,TRUE,,,,,,,1694,,2,,
953,NHC-002,NHC002,,1421,1613,2,55,2,,,,,,,TRUE,,,,,,,1690,,2,,
954,NHC-001,NHC001,,1420,1612,2,55,2,,,,,,,TRUE,,,,,,,1689,,2,,
955,NGS-008,NGS008,,1404,1593,2,53,2,,,,,,,TRUE,,,,,,,1670,,2,,
956,NSE-002,NSE002,,1491,1713,2,55,2,,,,,,,TRUE,,,,,,,1789,,2,,
958,HKS-006,HKS006,,556,560,2,55,2,,,,,,,TRUE,,,,,,,653,,2,,
959,NSE-001,NSE001,,1490,1712,2,55,2,,,,,,,TRUE,,,,,,,1788,,2,,
960,NHC-003,NHC003,,1422,1614,2,55,2,,,,,,,TRUE,,,,,,,1691,,2,,
961,NHK-002,NHK002,,1426,1619,2,55,2,,,,,,,TRUE,,,,,,,1696,,2,,
962,HMP-001,HMP001,,562,566,2,281,2,,,,,,,TRUE,,,,,,,659,,2,,
963,HKS-007,HKS007,,557,561,2,65,2,,,,,,,TRUE,,,,,,,654,,2,,
964,KYM-004,KYM004,,1167,1299,2,55,2,,,,,,,TRUE,,,,,,,1377,,2,,
965,PNS-006,PNS006,,1649,1901,2,55,2,,,,,,,TRUE,,,,,,,1975,,2,,
966,NSK-016,NSK016,,1507,1730,2,55,2,,,,,,,TRUE,,,,,,,1806,,2,,
968,SAIKO-02,SAIKO02,,1684,1943,2,20,2,,,,,,,TRUE,,,,,,,2015,,2,,
969,MBC-001,MBC001,,1192,1329,2,20,2,,,,,,,TRUE,,,,,,,1407,,2,,
970,SNT-004,SNT004,,1836,2156,2,282,2,,,,,,,TRUE,,,,,,,2227,,2,,
971,No Name,NoName,,1453,1647,2,61,2,,,,,,,TRUE,,,,,,,1724,,2,,
972,No Name,NoName,,1453,1647,2,61,2,,,,,,,TRUE,,,,,,,1724,,2,,
973,No Name,NoName,,1453,1647,2,61,2,,,,,,,TRUE,,,,,,,1724,,2,,
974,No Name,NoName,,1453,1647,2,61,2,,,,,,,TRUE,,,,,,,1724,,2,,
975,No Name,NoName,,1453,1647,2,61,2,,,,,,,TRUE,,,,,,,1724,,2,,
976,NA-001,NA001,,1366,1552,2,52,2,,,,,,,TRUE,,,,,,,1630,,2,,
977,No Name,NoName,,1453,1647,2,61,2,,,,,,,TRUE,,,,,,,1724,,2,,
978,No Name,NoName,,1453,1647,2,61,2,,,,,,,TRUE,,,,,,,1724,,2,,
979,No Name,NoName,,1453,1647,2,61,2,,,,,,,TRUE,,,,,,,1724,,2,,
980,No Name,NoName,,1453,1647,2,61,2,,,,,,,TRUE,,,,,,,1724,,2,,
981,YHM-001,YHM001,,2751,3279,2,15,2,,,,,,,TRUE,,,,,,,3319,,2,,
982,KBS-001,KBS001,,822,872,2,62,2,,,,,,,TRUE,,,,,,,952,,2,,
983,EK-001,EK001,,427,434,2,94,2,,,,,,,TRUE,,,,,,,606,,2,,
984,EK-002,EK002,,428,435,2,94,2,,,,,,,TRUE,,,,,,,201,,2,,
985,POS-002,POS002,,1654,1908,2,51,2,,,,,,,TRUE,,,,,,,1980,,2,,
986,HNS-002,HNS002,,570,574,2,71,2,,,,,,,TRUE,,,,,,,667,,2,,
987,INP-003,INP003,,591,598,2,61,2,,,,,,,TRUE,,,,,,,691,,2,,
988,IWD-001,IWD001,,596,604,2,61,2,,,,,,,TRUE,,,,,,,697,,2,,
989,INP-001,INP001,,589,596,2,61,2,,,,,,,TRUE,,,,,,,689,,2,,
990,HKS-008,HKS008,,558,562,2,71,2,,,,,,,TRUE,,,,,,,655,,2,,
991,HRT-001,HRT001,,572,577,2,71,2,,,,,,,TRUE,,,,,,,670,,2,,
992,KTK,KTK,,1155,1284,2,62,2,,,,,,,TRUE,,,,,,,1362,,2,,
993,IDM-001,IDM001,,581,588,2,61,2,,,,,,,TRUE,,,,,,,681,,2,,
994,IPC-002,IPC002,,592,599,2,61,2,,,,,,,TRUE,,,,,,,692,,2,,
995,HMP-004,HMP004,,565,569,2,281,2,,,,,,,TRUE,,,,,,,662,,2,,
996,ITS-002,ITS002,,595,603,2,61,2,,,,,,,TRUE,,,,,,,696,,2,,
997,INP-002,INP002,,590,597,2,61,2,,,,,,,TRUE,,,,,,,690,,2,,
998,HMP-006,HMP006,,567,571,2,281,2,,,,,,,TRUE,,,,,,,664,,2,,
999,KOH-002　（HOH-002）,KOH002（HOH002）,,940,1008,2,63,2,,,,,HOH-002,,TRUE,,,,,,,1087,,2,,
1000,HRT-002,HRT002,,573,578,2,71,2,,,,,,,TRUE,,,,,,,671,,2,,
1001,KW-012-1,KW0121,,1157,1286,2,62,2,,,,,,,TRUE,,,,,,,1364,,2,,
1002,KLE-001,KLE001,,919,987,2,62,2,,,,,,,TRUE,,,,,,,1066,,2,,
1003,KAR-001,KAR001,,821,871,2,62,2,,,,,,,TRUE,,,,,,,951,,2,,
1004,KSC-001,KSC001,,988,1069,2,62,2,,,,,,,TRUE,,,,,,,1147,,2,,
1005,KGP-001,KGP001,,908,966,2,63,2,,,,,,,TRUE,,,,,,,1045,,2,,
1006,KOG-001,KOG001,,938,1006,2,63,2,,,,,,,TRUE,,,,,,,1085,,2,,
1007,KRE-001,KRE001,,963,1035,2,62,2,,,,,,,TRUE,,,,,,,1113,,2,,
1008,KSC-002,KSC002,,989,1070,2,62,2,,,,,,,TRUE,,,,,,,1148,,2,,
1009,KOS-006,KOS006,,949,1018,2,64,2,,,,,,,TRUE,,,,,,,1097,,2,,
1010,KND-005,KND005,,930,998,2,63,2,,,,,,,TRUE,,,,,,,1077,,2,,
1011,KND-013,KND013,,936,1004,2,63,2,,,,,,,TRUE,,,,,,,1083,,2,,
1012,KKG-001,KKG001,,916,984,2,63,2,,,,,,,TRUE,,,,,,,1063,,2,,
1013,KND-011,KND011,,935,1003,2,63,2,,,,,,,TRUE,,,,,,,1082,,2,,
1014,KND-014,KND014,,937,1005,2,63,2,,,,,,,TRUE,,,,,,,1084,,2,,
1015,KES-001,KES001,,900,958,2,63,2,,,,,,,TRUE,,,,,,,1037,,2,,
1016,WKS-001,WKS001,,2688,3196,2,15,2,,,,,,,TRUE,,,,,,,3237,,2,,
1017,K-25,K25,,820,869,2,62,2,,,,,,,TRUE,,,,,,,949,,2,,
1018,HCP-001,HCP001,,548,552,2,71,2,,,,,,,TRUE,,,,,,,645,,2,,
1019,KOS-001,KOS001,,945,1014,2,64,2,,,,,,,TRUE,,,,,,,1093,,2,,
1020,KKG-002,KKG002,,917,985,2,63,2,,,,,,,TRUE,,,,,,,1064,,2,,
1021,KW-025,KW025,,1158,1287,2,62,2,,,,,,,TRUE,,,,,,,1365,,2,,
1022,KORYO KR-010,KORYOKR010,,944,1013,2,65,2,,,,,,,TRUE,,,,,,,1092,,2,,
1023,KND-010,KND010,,934,1002,2,63,2,,,,,,,TRUE,,,,,,,1081,,2,,
1024,KND-009,KND009,,933,1001,2,63,2,,,,,,,TRUE,,,,,,,1080,,2,,
1026,KSC-003,KSC003,,990,1071,2,62,2,,,,,,,TRUE,,,,,,,1149,,2,,
1027,KBY-001,KBY001,,824,874,2,62,2,,,,,,,TRUE,,,,,,,954,,2,,
1028,KOS-017,KOS017,,960,1032,2,64,2,,,,,,,TRUE,,,,,,,1110,,2,,
1029,KRE-049,KRE049,,987,1068,2,62,2,,,,,,,TRUE,,,,,,,1146,,2,,
1030,KOS-010,KOS010,,953,1022,2,64,2,,,,,,,TRUE,,,,,,,1101,,2,,
1031,KOS-013,KOS013,,956,1025,2,64,2,,,,,,,TRUE,,,,,,,1104,,2,,
1032,KOS-005,KOS005,,948,1017,2,64,2,,,,,,,TRUE,,,,,,,1096,,2,,
1033,KOS-014,KOS014,,957,1026,2,64,2,,,,,,,TRUE,,,,,,,1105,,2,,
1034,KOS-011,KOS011,,954,1023,2,64,2,,,,,,,TRUE,,,,,,,1102,,2,,
1035,HMP-002,HMP002,,563,567,2,281,2,,,,,,,TRUE,,,,,,,660,,2,,
1036,KOG-002,KOG002,,939,1007,2,65,2,,,,,,,TRUE,,,,,,,1086,,2,,
1037,HMP-005 (使用禁止）,HMP005(使用禁止）,,566,570,2,281,2,,,,,,,TRUE,,,,,,,663,,2,,
1038,KTK-002,KTK002,,1156,1285,2,65,2,,,,,,,TRUE,,,,,,,1363,,2,,
1039,KYANON-No number2,KYANONNonumber2,,4009,1295,2,65,2,,,,,,,TRUE,,,,,,,1373,,2,,
1040,HIN-004,HIN004,,550,554,2,65,2,,,,,,,TRUE,,返却済,1/9/2025,,,,647,,2,,
1041,KOS-008,KOS008,,951,1020,2,65,2,,,,,,,TRUE,,,,,,,1099,,2,,
1042,HMP-No Number,HMPNoNumber,,568,572,2,281,2,,,,,,,TRUE,,,,,,,665,,2,,
1043,HKS-002,HKS002,,552,556,2,65,2,,,,,,,TRUE,,,,,,,649,,2,,
1044,HKS-001,HKS001,,551,555,2,65,2,,,,,,,TRUE,,,,,,,648,,2,,
1045,HKS-004,HKS004,,554,558,2,65,2,,,,,,,TRUE,,,,,,,651,,2,,
1046,HKS-003,HKS003,,553,557,2,65,2,,,,,,,TRUE,,,,,,,650,,2,,
1047,HKS-005,HKS005,,555,559,2,65,2,,,,,,,TRUE,,,,,,,652,,2,,
1048,HMP-No Number,HMPNoNumber,,568,572,2,281,2,,,,,,,TRUE,,,,,,,665,,2,,
1049,ITS-001,ITS001,,594,602,2,65,2,,,,,,,TRUE,,,,,,,695,,2,,
1050,HMP-No Number,HMPNoNumber,,568,572,2,281,2,,,,,,,TRUE,,,,,,,665,,2,,
1051,IDM-002,IDM002,,582,589,2,65,2,,,,,,,TRUE,,,,,,,682,,2,,
1052,IDM-004,IDM004,,584,591,2,65,2,,,,,,,TRUE,,,,,,,684,,2,,
1053,IDM-003,IDM003,,583,590,2,65,2,,,,,,,TRUE,,,,,,,683,,2,,
1054,KYD-001R1,KYD001R1,,1165,1298,2,65,2,,,,,,,TRUE,,,,,,,1376,,2,,
1055,KOK-001,KOK001,,941,1010,2,65,2,,,,,,,TRUE,,,,,,,1089,,2,,
1056,KGM-003,KGM003,,903,961,2,65,2,,,,,,,TRUE,,,,,,,1040,,2,,
1057,KOS-009,KOS009,,952,1021,2,64,2,,,,,,,TRUE,,,,,,,1100,,2,,
1058,KOS-007,KOS007,,950,1019,2,64,2,,,,,,,TRUE,,,,,,,1098,,2,,
1059,KND-008,KND008,,932,1000,2,63,2,,,,,,,TRUE,,,,,,,1079,,2,,
1060,KGM-004,KGM004,,904,962,2,75,2,,,,,,,TRUE,,,,,,,1041,,2,,
1061,KOK-010,KOK010,,942,1011,2,65,2,,,,,,,TRUE,,,,,,,1090,,2,,
1062,GMY-060,GMY060,,520,538,2,72,2,,,,,,,TRUE,,,,,,,631,,2,,
1063,JR-2,JR2,,818,867,2,72,2,,,,,,,TRUE,,,,,,,947,,2,,
1064,GMY-006,GMY006,,517,531,2,281,2,,,,,,,TRUE,,,,,,,624,,2,,
1065,GMY-050,GMY050,,519,537,2,281,2,,,,,,,TRUE,,,,,,,630,,2,,
1066,GMY-096,GMY096,,532,550,2,72,2,,,,,,,TRUE,,,,,,,643,,2,,
1067,GKD-002,GKD002,,514,528,2,72,2,,,,,,,TRUE,,,,,,,621,,2,,
1068,GMY-014,GMY014,,518,533,2,71,2,,,,,,,TRUE,,,,,,,626,,2,,
1069,OPA-001,OPA001,,1594,1834,2,42,2,,,,,,,TRUE,,,,,,,1910,,2,,
1070,ASS-001,ASS001,,212,188,2,82,2,,,,,,,TRUE,,,,,,,365,,2,,
1071,KND-004,KND004,,929,997,2,63,2,,,,,,,TRUE,,,,,,,1076,,2,,
1072,KKG-003,KKG003,,918,986,2,62,2,,,,,,,TRUE,,,,,,,1065,,2,,
1073,SKS-014,SKS014,,1788,2072,2,22,2,,,,,,,TRUE,,,,,,,2143,,2,,
1074,GMY-001,GMY001,,515,529,2,72,2,,,,,,,TRUE,,,,,,,622,,2,,
1075,GMY-067,GMY067,,522,540,2,281,2,,,,,,,TRUE,,,,,,,633,,2,,
1076,GMY-087,GMY087,,524,542,2,281,2,,,,,台湾機,,TRUE,,,,,,,635,,2,,
1077,GMY-086,GMY086,,523,541,2,281,2,,,,,,,TRUE,,,,,,,634,,2,,
1078,GMY-089,GMY089,,525,543,2,72,2,,,,,2８１？,,TRUE,,,,,,,636,,2,,
1079,GMY-064,GMY064,,521,539,2,72,2,,,,,,,TRUE,,,,,,,632,,2,,
1080,GMY-090,GMY090,,526,544,2,281,2,,,,,,,TRUE,,,,,,,637,,2,,
1081,GMY-004,GMY004,,516,530,2,72,2,,,,,,,TRUE,,,,,,,623,,2,,
1082,GMY-092,GMY092,,527,545,2,281,2,,,,,,,TRUE,,,,,,,638,,2,,
1083,NWN-001,NWN001,,1513,1736,2,52,2,,,,,,,TRUE,,,,,,,1812,,2,,
1084,JIC-001,JIC001,,814,861,2,72,2,,,,,,,TRUE,,,,,,,941,,2,,
1085,JIC-002,JIC002,,815,862,2,72,2,,,,,,,TRUE,,,,,,,942,,2,,
1086,GMY-093,GMY093,,528,546,2,72,2,,,,,,,TRUE,,,,,,,639,,2,,
1087,NSM-004,NSM004,,1511,1734,2,73,2,,,,,,,TRUE,,,,,,,1810,,2,,
1088,NSM-002,NSM002,,1509,1732,2,74,2,,,,,,,TRUE,,,,,,,1808,,2,,
1089,HKS-010,HKS010,,559,563,2,72,2,,,,,,,TRUE,,,,,,,656,,2,,
1090,SHT-012,SHT012,,1716,1980,3,73,2,,,,,,,TRUE,,,,,,,2051,,3,,
1091,NGS-016,NGS016,,1412,1603,2,53,2,,,,,,,TRUE,,,,,,,1680,,2,,
1092,STD-002,STD002,,1929,2277,2,73,2,,,,,,,TRUE,,,,,,,2340,,2,,
1093,KWE-002,KWE002,,1161,1291,2,62,2,,,,,,,TRUE,,,,,,,1369,,2,,
1094,KWE-003,KWE003,,1162,1292,2,62,2,,,,,,,TRUE,,,,,,,1370,,2,,
1096,KND-006,KND006,,931,999,2,63,2,,,,,,,TRUE,,,,,,,1078,,2,,
1097,SDS-001,SDS001,,1690,1951,2,25,2,,,,,,,TRUE,,,,,,,2022,,2,,
1098,No Name-No Number1,NoNameNoNumber1,,1453,1668,2,74,2,,,,,,,TRUE,,,,,,,1745,,2,,
1099,OGR-013F,OGR013F,,1552,1782,2,45,2,,,,,,,TRUE,,,,,,,1858,,2,,
1100,SNM-003,SNM003,,1832,2152,2,22,2,,,,,,,TRUE,,,,,,,2223,,2,,
1101,NGS-012,NGS012,,1408,1597,2,52,2,,,,,,,TRUE,,,,,,,1674,,2,,
1102,KWE-001（TEST?),KWE001（TEST?),,1159,1290,2,74,2,,,,,210ｘ160,,TRUE,,,,,,,1368,,2,,
1103,STN-001,STN001,,1942,2296,2,74,2,,,,,,,TRUE,,,,,,,2359,,2,,
1104,STN-002,STN002,,1943,2297,2,74,2,,,,,,,TRUE,,,,,,,2360,,2,,
1105,SDK-001,SDK001,,1689,1950,2,74,2,,,,,,,TRUE,,,,,,,2021,,2,,
1106,TRT-001,TRT001,,2648,3155,2,74,2,,,,,,,TRUE,,,,,,,3196,,2,,
1107,Other-試作?,Other試作?,,2952,1873,2,74,2,,,,,,,TRUE,,,,,,,1948,,2,,
1108,HYT-002,HYT002,,580,586,2,75,2,,,,,,,TRUE,,,,,,,679,,2,,
1109,HYT-001,HYT001,,579,585,2,75,2,,,,,,,TRUE,,,,,,,678,,2,,
1110,HSH-001,HSH001,,574,579,,0,2,,,,,[旧RackLayer 705] 出荷・返却済,,TRUE,,,,,,,672,返却済,,,
1111,HNS-001,HNS001,,569,573,2,75,2,,,,,,,TRUE,,,,,,,666,,2,,
1112,AAT-008,AAT008,,81,24,2,85,2,,,,,Na/K電　カバートレイ自動機用　290ｘ270サイズ30個入,,TRUE,110,,,,,,125,,2,,
1113,AAT-007,AAT007,,80,23,2,85,2,,,,,,,TRUE,109,,,,,,124,,2,,
1114,TBG-009,TBG009,,1971,2328,2,86,2,,,,,,,TRUE,,,,,,,2391,,2,,
1115,SMK-212,SMK212,,1822,2141,2,86,2,,,,,,,TRUE,,,,,,,2212,,2,,
1116,OOT-039,OOT039,,1588,1826,2,86,2,,,,,,,TRUE,,,,,,,1902,,2,,
1117,OOT-038,OOT038,,1587,1825,2,86,2,,,,,,,TRUE,,,,,,,1901,,2,,
1118,KGM-005,KGM005,,905,963,2,86,2,,,,,,,TRUE,,,,,,,1042,,2,,
1119,SMK-216,SMK216,,1826,2145,2,86,2,,,,,,,TRUE,,,,,,,2216,,2,,
1120,No Name,NoName,,1453,1647,2,86,2,,,,,,,TRUE,,,,,,,1724,,2,,
1121,JAE-285 R4,JAE285R4,,774,808,2,232,2,,,,,,,TRUE,250,,,,,,899,,2,,
1122,DHA-003,DHA003,,289,275,2,83,2,,,,,,,TRUE,,,,,,,450,,2,,
1123,TUK-002,TUK002,,2661,3168,2,83,2,,,,,,,TRUE,,,,,,,3209,,2,,
1125,SRI-006,SRI006,,1861,2187,2,613,2,,,,,,,TRUE,499,,,,,,2258,,2,,
1127,JAE-293 R1,JAE293R1,,782,819,,704,2,,,,,,,TRUE,258,,,廃棄済,3/23/2026,,907,廃棄済,,,
1128,ATS-030R1,ATS030R1,,239,220,2,93,2,,,,,,,TRUE,,,,,,,397,,2,,
1129,ATS-031,ATS031,,241,222,2,93,2,,,,,,,TRUE,,,,,,,398,,2,,
1130,ADY-090 (梱包）,ADY090(梱包）,,119,82,2,125,2,,,,,,,TRUE,,,,,,,183,,2,,
1131,RKK-001,RKK001,,1674,1928,2,21,2,,,,,,,TRUE,,,,,,,2000,,2,,
1132,KOS-015,KOS015,,958,1028,2,64,2,,,,,,,TRUE,,,,,,,1106,,2,,
1133,ADY-089,ADY089,,118,80,2,125,2,,,,,,,TRUE,,,,,,,181,,2,,
1134,ASH-005,ASH005,,209,185,2,93,2,,,,6.45,,,TRUE,,,,,,,362,,2,,
1135,TIH-020,TIH020,,2538,3028,2,13,2,,,,,,,TRUE,,,,,,,3082,,2,,
1136,TE-2426410-1,TE24264101,,20,2640,2,223,2,,,,,,,TRUE,,,,,,,2699,,2,,
1137,TE-2426409-1,TE24264091,,19,2639,2,223,2,,,,,,,TRUE,,,,,,,2698,,2,,
1138,KSP-205,KSP205,,1149,1275,2,272,2,,,,,,,TRUE,,,,,,,1353,,2,,
1139,KSP-206,KSP206,,1150,1276,2,272,2,,,,,,,TRUE,,,,,,,1354,,2,,
1141,JAE-311,JAE311,,800,842,3,0,2,,,,,[旧RackLayer 703] 坂田精文堂,,TRUE,277,,,,,,926,,3,,
1143,KDS-049,KDS049,,837,888,2,260,2,,,,,,,TRUE,,,,,,,968,,2,,
1144,TE-2426387-1,TE24263871,,18,2638,2,164,2,,,,,,,TRUE,,,,,,,2697,,2,,
1145,TE-2426386-1,TE24263861,,17,2637,2,164,2,,,,,,,TRUE,,,,,,,2696,,2,,
1146,TE-2423252-3 R1,TE24232523R1,,13,2631,2,222,2,,,,,,,TRUE,,,,,,,2690,,2,,
1147,TE-2423252-1 R1,TE24232521R1,,11,2620,2,223,2,,,,,,,TRUE,,,,,,1/10/2024,2681,,2,,
1148,JAE-250,JAE250,,740,774,2,222,2,,,,,,,TRUE,,,,,,,865,,2,,
1149,JAE-252,JAE252,,742,776,2,222,2,,,,,,,TRUE,,,,,,,867,,2,,
1150,TE-243252-1,TE2432521,,24,2644,2,222,2,,,,,,,TRUE,,,,,,,2703,,2,,
1151,TE-243252-2,TE2432522,,25,2646,2,214,2,,,,,,,TRUE,,,,,,,2705,,2,,
1152,TE-2428383-1,TE24283831,,22,2642,2,222,2,,,,,,,TRUE,,,,,,,2701,,2,,
1153,TE-2428384-1,TE24283841,,23,2643,2,222,2,,,,,,,TRUE,,,,,,,2702,,2,,
1154,ATS-025,ATS025,,230,208,2,222,2,,,,,,,TRUE,142,,,,,,385,,2,,
1155,TE-8-162-5 PS,TE81625PS,,2450,2921,,704,2,,,,,8-162-5 PS 廃棄20240612,,TRUE,,,,廃棄済,6/12/2024,,2978,廃棄済,,,
1156,ATS-024,ATS024,,229,207,2,222,2,,,,,,,TRUE,141,,,,,,384,,2,,
1157,SHT-014,SHT014,,1718,1983,2,222,2,,,,,,,TRUE,,,,,,,2054,,2,,
1158,TE-8-162-4 PS,TE81624PS,,2448,2920,2,222,2,,,,,PS,,TRUE,,,,,,,2977,,2,,
1160,WTN-006,WTN006,,2694,3202,2,223,2,,,,,,,TRUE,,,,,,,3243,,2,,
1161,TE-2423252-3 R2,TE24232523R2,,13,2632,2,222,2,,,,,,,TRUE,,,,,,,2691,,2,,
1163,ATS-019,ATS019,,225,203,2,92,2,,,,7.55,,,TRUE,,,,,,,380,,2,,
1164,TE-2445797-1,TE24457971,,28,2650,2,223,2,,,,,,,TRUE,,,,,,,2709,,2,,
1165,JAE-299,JAE299,,788,827,2,113,2,,,,,,,TRUE,265,,,,,,914,,2,,
1167,JAE-292 R1,JAE292R1,,781,818,,704,2,,,,,,,TRUE,257,,,廃棄済,3/23/2026,,906,廃棄済,,,
1168,TE-2421948-1,TE24219481,,2225,2617,2,224,2,,,,,,,TRUE,,,,,,,2678,,2,,
1169,JAE-276 R1,JAE276R1,,766,800,2,224,2,,,,,,,TRUE,241,,,,,,891,,2,,
1170,TE-2420081-1,TE24200811,,2224,2616,2,224,2,,,,,,,TRUE,,,,,,,2677,,2,,
1171,ODS-039,ODS039,,1537,1763,2,224,2,,,,,,,TRUE,,,,,,,1839,,2,,
1172,E-035-1,E0351,,424,3359,2,224,2,,,,,,,TRUE,,,,,,,3399,,2,,
1174,FHJ-001PLUG,FHJ001PLUG,,503,517,2,224,3,,,,,,,TRUE,,,,,,,610,,2,,
1175,TE-1-177-7PLUG,TE11777PLUG,,2140,2522,2,224,3,,,,,指示書見つからない,,TRUE,,,,,,,2583,,2,,
1176,No Name,NoName,,1453,1647,2,291,2,,,,,,,TRUE,,,,,,,1724,,2,,
1177,No Name,NoName,,1453,1647,2,291,2,,,,,,,TRUE,,,,,,,1724,,2,,
1178,No Name,NoName,,1453,1647,2,291,2,,,,,,,TRUE,,,,,,,1724,,2,,
1179,No Name,NoName,,1453,1647,2,291,2,,,,,,,TRUE,,,,,,,1724,,2,,
1180,No Name,NoName,,1453,1647,2,291,2,,,,,,,TRUE,,,,,,,1724,,2,,
1181,KSP-141,KSP141,,1089,1213,2,291,2,,,,,,,TRUE,,,,,,,1291,,2,,
1182,KSP-097,KSP097,,1059,1179,2,291,2,,,,,,,TRUE,,,,,,,1257,,2,,
1183,KSP-089,KSP089,,1052,1171,2,291,2,,,,,,,TRUE,,,,,,,1249,,2,,
1184,KSP-083,KSP083,,1046,1165,2,291,2,,,,,,,TRUE,,,,,,,1243,,2,,
1185,KSP-098,KSP098,,1060,1180,2,291,2,,,,,,,TRUE,,,,,,,1258,,2,,
1186,KSP-110,KSP110,,1071,1192,2,291,2,,,,,,,TRUE,,,,,,,1270,,2,,
1187,KSP-128,KSP128,,1081,1204,2,291,2,,,,,,,TRUE,,,,,,,1282,,2,,
1188,KSP-061,KSP061,,1031,1146,2,291,2,,,,,,,TRUE,,,,,,,1224,,2,,
1189,KSP-107,KSP107,,1068,1189,2,291,3,,,,,PLUG,,TRUE,,,,,,,1267,,2,,
1190,KSP-120,KSP120,,1077,1200,2,291,2,,,,,,,TRUE,,,,,,,1278,,2,,
1191,KSP-131,KSP131,,1083,1206,2,291,2,,,,,,,TRUE,,,,,,,1284,,2,,
1192,KSP-130,KSP130,,1082,1205,2,291,2,,,,,,,TRUE,,,,,,,1283,,2,,
1193,KSP-080,KSP080,,1044,1163,2,291,2,,,,,,,TRUE,,,,,,,1241,,2,,
1194,KSP-078,KSP078,,1042,1161,2,291,2,,,,,,,TRUE,,,,,,,1239,,2,,
1195,KSP-104,KSP104,,1065,1185,2,291,2,,,,,,,TRUE,,,,,,,1263,,2,,
1196,KSP-079,KSP079,,1043,1162,2,291,2,,,,,,,TRUE,,,,,,,1240,,2,,
1197,KSP-065,KSP065,,1033,1149,2,291,2,,,,,,,TRUE,,,,,,,1227,,2,,
1198,KSP-096,KSP096,,1058,1178,2,291,2,,,,,,,TRUE,,,,,,,1256,,2,,
1199,KSP-086,KSP086,,1049,1168,2,291,2,,,,,,,TRUE,,,,,,,1246,,2,,
1200,KSP-119,KSP119,,1076,1199,2,291,2,,,,,,,TRUE,,,,,,,1277,,2,,
1201,KSP-112,KSP112,,1073,1194,2,291,2,,,,,,,TRUE,,,,,,,1272,,2,,
1202,KSP-093,KSP093,,1055,1175,2,291,2,,,,,,,TRUE,,,,,,,1253,,2,,
1203,KSP-140,KSP140,,1088,1212,2,291,2,,,,,,,TRUE,,,,,,,1290,,2,,
1204,KSP-121,KSP121,,1078,1201,2,291,2,,,,,,,TRUE,,,,,,,1279,,2,,
1205,KSP-114,KSP114,,1075,1196,2,291,2,,,,,,,TRUE,,,,,,,1274,,2,,
1206,KSP-092,KSP092,,1054,1174,2,291,2,,,,,,,TRUE,,,,,,,1252,,2,,
1207,KSP-113,KSP113,,1074,1195,2,291,2,,,,,,,TRUE,,,,,,,1273,,2,,
1208,KSP-101,KSP101,,1062,1182,2,291,2,,,,,,,TRUE,,,,,,,1260,,2,,
1209,KSP-075,KSP075,,1040,1158,2,291,2,,,,,,,TRUE,,,,,,,1236,,2,,
1210,KSP-084,KSP084,,1047,1166,2,291,2,,,,,,,TRUE,,,,,,,1244,,2,,
1211,KSP-070,KSP070,,1035,1153,2,291,2,,,,,,,TRUE,,,,,,,1231,,2,,
1212,KSP-072,KSP072,,1037,1155,2,291,2,,,,,,,TRUE,,,,,,,1233,,2,,
1213,KSP-074,KSP074,,1039,1157,2,291,2,,,,,,,TRUE,,,,,,,1235,,2,,
1214,KSP-082,KSP082,,1045,1164,2,291,2,,,,,,,TRUE,,,,,,,1242,,2,,
1215,KSP-095,KSP095,,1057,1177,2,291,2,,,,,,,TRUE,,,,,,,1255,,2,,
1216,KSP-106,KSP106,,1067,1188,2,291,2,,,,,,,TRUE,,,,,,,1266,,2,,
1217,KSP-085,KSP085,,1048,1167,2,291,2,,,,,,,TRUE,,,,,,,1245,,2,,
1218,KSP-094,KSP094,,1056,1176,2,291,2,,,,,,,TRUE,,,,,,,1254,,2,,
1219,KSP-108,KSP108,,1069,1190,2,291,2,,,,,,,TRUE,,,,,,,1268,,2,,
1220,KSP-109,KSP109,,1070,1191,2,291,2,,,,,,,TRUE,,,,,,,1269,,2,,
1221,KSP-107,KSP107,,1068,1189,2,291,2,,,,,,,TRUE,,,,,,,1267,,2,,
1222,KSP-123,KSP123,,1079,1202,2,291,2,,,,,,,TRUE,,,,,,,1280,,2,,
1223,KSP-124,KSP124,,1080,1203,2,291,2,,,,,,,TRUE,,,,,,,1281,,2,,
1224,KSP-088,KSP088,,1051,1170,2,291,2,,,,,,,TRUE,,,,,,,1248,,2,,
1225,KSP-087,KSP087,,1050,1169,2,291,2,,,,,,,TRUE,,,,,,,1247,,2,,
1226,TKD-013,TKD013,,2568,3062,2,292,2,,,,,,,TRUE,,,,,,,3103,,2,,
1227,TKD-012,TKD012,,2567,3061,2,292,2,,,,,,,TRUE,,,,,,,3102,,2,,
1228,TKD-015,TKD015,,2569,3063,2,292,2,,,,,,,TRUE,,,,,,,3104,,2,,
1229,TKD-003,TKD003,,2560,3053,2,292,2,,,,,,,TRUE,,,,,,,3094,,2,,
1230,TKD-004,TKD004,,2561,3054,2,292,2,,,,,,,TRUE,,,,,,,3095,,2,,
1231,TKD-017,TKD017,,2571,3065,2,292,2,,,,,,,TRUE,,,,,,,3106,,2,,
1232,TKD-001xx,TKD001xx,,2557,3051,2,12,2,,,,,,,TRUE,,,,,,,3092,,2,,
1233,TKD-007,TKD007,,2563,3057,2,292,2,,,,,,,TRUE,,,,,,,3098,,2,,
1234,TKD-008,TKD008,,2564,3058,2,292,2,,,,,,,TRUE,,,,,,,3099,,2,,
1235,TKD-005,TKD005,,2562,3055,2,292,2,,,,,,,TRUE,,,,,,,3096,,2,,
1236,TKD-010,TKD010,,2566,3060,2,292,2,,,,,,,TRUE,,,,,,,3101,,2,,
1237,TKD-002,TKD002,,2559,3052,2,292,2,,,,,,,TRUE,,,,,,,3093,,2,,
1238,TKD-016,TKD016,,2570,3064,2,15,2,,,,,,,TRUE,,,,,,,3105,,2,,
1239,TKD-Nonumbe,TKDNonumbe,,2575,3073,2,292,2,,,,,,,TRUE,,,,,,,3114,,2,,
1240,YSM-037,YSM037,,2890,3459,2,293,2,,,,,,,TRUE,,,,,,,3498,,2,,
1241,YSM-043,YSM043,,2896,3465,2,293,2,,,,,,,TRUE,,,,,,,3504,,2,,
1242,YSM-008,YSM008,,2862,3431,2,293,2,,,,,,,TRUE,,,,,,,3470,,2,,
1243,YSM-036,YSM036,,2889,3458,2,293,2,,,,,,,TRUE,,,,,,,3497,,2,,
1244,YSM-013,YSM013,,2866,3435,2,15,2,,,,,成形20240729　ハイ,,TRUE,,,,,,,3474,,2,,
1245,YSM-001,YSM001,,2855,3424,2,293,2,,,,,,,TRUE,,,,,,,3463,,2,,
1246,YSM-040,YSM040,,2893,3462,2,293,2,,,,,,,TRUE,,,,,,,3501,,2,,
1247,YSM-035,YSM035,,2888,3457,2,293,2,,,,,,,TRUE,,,,,,,3496,,2,,
1248,YSM-022,YSM022,,2875,3444,2,293,2,,,,,,,TRUE,,,,,,,3483,,2,,
1249,YSM-025,YSM025,,2878,3447,2,293,2,,,,,,,TRUE,,,,,,,3486,,2,,
1250,YSM-020,YSM020,,2873,3442,2,293,2,,,,,,,TRUE,,,,,,,3481,,2,,
1251,YSM-023,YSM023,,2876,3445,2,293,2,,,,,,,TRUE,,,,,,,3484,,2,,
1252,YSM-016,YSM016,,2869,3438,2,293,2,,,,,,,TRUE,,,,,,,3477,,2,,
1253,YSM-021,YSM021,,2874,3443,2,293,2,,,,,,,TRUE,,,,,,,3482,,2,,
1254,YSM-019,YSM019,,2872,3441,2,293,2,,,,,,,TRUE,,,,,,,3480,,2,,
1255,YSM-031,YSM031,,2884,3453,2,293,2,,,,,,,TRUE,,,,,,,3492,,2,,
1256,YSM-024,YSM024,,2877,3446,2,293,2,,,,,,,TRUE,,,,,,,3485,,2,,
1257,YSM-015,YSM015,,2868,3437,2,293,2,,,,,,,TRUE,,,,,,,3476,,2,,
1258,YSM-032,YSM032,,2885,3454,2,293,2,,,,,,,TRUE,,,,,,,3493,,2,,
1259,YSM-038,YSM038,,2891,3460,2,293,2,,,,,,,TRUE,,,,,,,3499,,2,,
1260,YSM-017,YSM017,,2870,3439,2,293,2,,,,,,,TRUE,,,,,,,3478,,2,,
1261,YSM-039,YSM039,,2892,3461,2,293,2,,,,,,,TRUE,,,,,,,3500,,2,,
1262,YSM-033,YSM033,,2886,3455,2,293,2,,,,,,,TRUE,,,,,,,3494,,2,,
1263,YSM-028,YSM028,,2881,3450,2,293,2,,,,,,,TRUE,,,,,,,3489,,2,,
1264,YSM-030,YSM030,,2883,3452,2,293,2,,,,,,,TRUE,,,,,,,3491,,2,,
1265,YSM-026,YSM026,,2879,3448,2,293,2,,,,,,,TRUE,,,,,,,3487,,2,,
1266,YSM-042,YSM042,,2895,3464,2,293,2,,,,,,,TRUE,,,,,,,3503,,2,,
1267,YSM-045,YSM045,,2898,3467,2,293,2,,,,,,,TRUE,,,,,,,3506,,2,,
1268,YSM-044,YSM044,,2897,3466,2,293,2,,,,,,,TRUE,,,,,,,3505,,2,,
1269,YSM-029,YSM029,,2882,3451,2,293,2,,,,,,,TRUE,,,,,,,3490,,2,,
1270,YSM-027,YSM027,,2880,3449,2,293,2,,,,,,,TRUE,,,,,,,3488,,2,,
1271,YSM-018,YSM018,,2871,3440,2,293,2,,,,,,,TRUE,,,,,,,3479,,2,,
1272,SLK-120,SLK120,,1799,2087,2,612,2,,,,,,,TRUE,,,,,,,2158,,2,,
1273,SLK-107,SLK107,,1793,2077,2,294,2,,,,,,,TRUE,,,,,,,2148,,2,,
1274,SLK-118,SLK118,,1798,2085,2,294,2,,,,,,,TRUE,,,,,,,2156,,2,,
1275,SLK-117,SLK117,,1797,2084,2,294,2,,,,,,,TRUE,,,,,,,2155,,2,,
1276,SLK-103,SLK103,,1790,2074,2,294,2,,,,,,,TRUE,,,,,,,2145,,2,,
1277,SLK-100,SLK100,,1789,2073,2,294,2,,,,,,,TRUE,,,,,,,2144,,2,,
1278,SLK-NoNumber,SLKNoNumber,,1801,2090,2,294,2,,,,,,,TRUE,,,,,,,2161,,2,,
1279,SLK-112,SLK112,,1795,2081,2,294,2,,,,,,,TRUE,,,,,,,2152,,2,,
1280,SLK-130,SLK130,,1800,2089,2,294,2,,,,,,,TRUE,,,,,,,2160,,2,,
1281,SLK-108,SLK108,,1794,2078,2,294,2,,,,,,,TRUE,,,,,,,2149,,2,,
1282,SLK-114,SLK114,,1796,2083,2,294,2,,,,,,,TRUE,,,,,,,2154,,2,,
1283,SLK-105,SLK105,,1791,2075,2,294,2,,,,,,,TRUE,,,,,,,2146,,2,,
1284,LPS-011,LPS011,,1183,1318,2,294,2,,,,,,,TRUE,,,,,,,1396,,2,,
1285,LPS-009,LPS009,,1181,1316,2,294,2,,,,,,,TRUE,,,,,,,1394,,2,,
1286,LPS-007,LPS007,,1180,1315,2,294,2,,,,,,,TRUE,,,,,,,1393,,2,,
1287,LPS-022,LPS022,,1189,1325,2,294,2,,,,,,,TRUE,,,,,,,1403,,2,,
1288,LPS-010,LPS010,,1182,1317,2,294,2,,,,,,,TRUE,,,,,,,1395,,2,,
1289,LPS-003,LPS003,,1177,1312,2,294,2,,,,,,,TRUE,,,,,,,1390,,2,,
1290,LPS-020,LPS020,,1188,1324,2,294,2,,,,,,,TRUE,,,,,,,1402,,2,,
1291,LPS-006,LPS006,,1179,1314,2,294,2,,,,,,,TRUE,,,,,,,1392,,2,,
1292,LPS-004,LPS004,,1178,1313,2,294,2,,,,,,,TRUE,,,,,,,1391,,2,,
1293,LPS-015,LPS015,,1186,1321,2,294,2,,,,,,,TRUE,,,,,,,1399,,2,,
1294,LPS-013,LPS013,,1185,1320,2,294,2,,,,,,,TRUE,,,,,,,1398,,2,,
1295,LPS-012,LPS012,,1184,1319,2,294,2,,,,,,,TRUE,,,,,,,1397,,2,,
1296,LPS-016,LPS016,,1187,1322,2,294,2,,,,,,,TRUE,,,,,,,1400,,2,,
1297,LPS-001,LPS001,,1176,1310,2,294,2,,,,,,,TRUE,,,,,,,1388,,2,,
1298,TE-025,TE025,,2074,2442,2,12,2,,,,,,,TRUE,,,,,,,2503,,2,,
1299,TYK-003,TYK003,,2667,3175,2,13,2,,,,,,,TRUE,,,,,,,3216,,2,,
1300,TDS-001,TDS001,,1996,2354,2,13,2,,,,,,,TRUE,,,,,,,2417,,2,,
1301,SWJ-009,SWJ009,,1948,2303,2,25,2,,,,,,,TRUE,,,,,,,2366,,2,,
1302,TDS-004,TDS004,,1999,2357,2,13,2,,,,,,,TRUE,,,,,,,2420,,2,,
1303,SBK-001,SBK001,,1687,1947,2,25,2,,,,,,,TRUE,,,,,,,2018,,2,,
1304,THP-001,THP001,,2508,2994,2,282,2,,,,,,,TRUE,,,,,,,3048,,2,,
1305,TYK-001,TYK001,,2665,3173,2,15,2,,,,,,,TRUE,,,,,,,3214,,2,,
1308,WDS-001,WDS001,,2684,3192,2,15,2,,,,,,,TRUE,,,,,,,3233,,2,,
1309,WKE-002,WKE002,,2686,3194,2,15,2,,,,,,,TRUE,,,,,,,3235,,2,,
1310,MBM-002,MBM002,,1194,1331,2,20,2,,,,,,,TRUE,,,,,,,1409,,2,,
1311,MOK-003,MOK003,,1247,1384,2,283,2,,,,,,,TRUE,,,,,,,1462,,2,,
1312,MBM-007,MBM007,,1196,1333,2,294,2,,,,,,,TRUE,,,,,,,1411,,2,,
1313,MBM-006,MBM006,,1195,1332,2,294,2,,,,,,,TRUE,,,,,,,1410,,2,,
1314,MDS-004,MDS004,,1203,1341,2,35,2,,,,,,,TRUE,,,,,,,1419,,2,,
1315,KGP-001 210x160,KGP001210x160,,908,967,2,20,2,,,,,,,TRUE,,,,,,,1046,,2,,
1316,NHK-005D R2,NHK005DR2,,1427,1620,2,20,2,,,,,試作ポケット,,TRUE,,,,,,,1697,,2,,
1317,THP-004 210x160,THP004210x160,,2512,2999,2,20,2,,,,,,,TRUE,,,,,,,3053,,2,,
1318,No Name-210x160,NoName210x160,,1453,1656,2,20,2,,,,,,,TRUE,,,,,,,1733,,2,,
1319,THP-003 210x160,THP003210x160,,2510,2997,2,20,2,,,,,,,TRUE,,,,,,,3051,,2,,
1320,No Name-015 210x160,NoName015210x160,,1453,1650,2,20,2,,,,,,,TRUE,,,,,,,1727,,2,,
1321,SWS-001,SWS001,,1950,2305,2,352,2,,,,,梱包,,TRUE,,,,,,,2368,,2,,
1322,ADY-110,ADY110,,133,98,2,352,2,,,,,梱包,,TRUE,,,,,,,199,,2,,
1323,ADY-085,ADY085,,115,76,2,352,2,,,,,梱包,,TRUE,,,,,,,177,,2,,
1324,YCM-009,YCM009,,2700,3214,2,352,2,,,,,梱包,,TRUE,,,,,,,3255,,2,,
1325,CST-005,CST005,,279,264,2,352,2,,,,,梱包,,TRUE,,,,,,,440,,2,,
1326,YCM-001,YCM001,,2699,3213,2,361,2,,,,,梱包,,TRUE,,,,,,,3254,,2,,
1327,ETS-019,ETS019,,453,462,2,352,2,,,,,梱包,,TRUE,,,,,,,228,,2,,
1328,ETS-003,ETS003,,438,447,2,352,2,,,,,梱包,,TRUE,,,,,,,213,,2,,
1329,ETS-026,ETS026,,459,468,2,352,2,,,,,梱包,,TRUE,,,,,,,234,,2,,
1330,ETS-035,ETS035,,468,477,2,352,2,,,,,梱包,,TRUE,,,,,,,243,,2,,
1331,ETS-007,ETS007,,442,451,2,352,2,,,,,梱包,,TRUE,,,,,,,217,,2,,
1332,ETS-030,ETS030,,463,472,2,352,2,,,,,梱包,,TRUE,,,,,,,238,,2,,
1333,ADY-098,ADY098,,124,87,2,352,2,,,,,梱包,,TRUE,,,,,,,188,,2,,
1334,SWS-002,SWS002,,1951,2306,2,352,2,,,,,梱包,,TRUE,,,,,,,2369,,2,,
1335,ADY-084,ADY084,,114,75,2,352,2,,,,,梱包,,TRUE,,,,,,,176,,2,,
1336,YCM-031,YCM031,,2710,3226,2,352,2,,,,,梱包,,TRUE,,,,,,,3267,,2,,
1337,ADY-076,ADY076,,106,64,2,223,2,,,,,梱包・注文入る予定2025.4.25,,TRUE,,,,,,,165,,2,,
1338,ADY-051,ADY051,,95,47,2,352,2,,,,,梱包,,TRUE,,,,,,,148,,2,,
1339,MKG-003,MKG003,,1218,1356,2,352,2,,,,,梱包,,TRUE,,,,,,,1434,,2,,
1340,MKG-001,MKG001,,1216,1354,2,352,2,,,,,梱包,,TRUE,,,,,,,1432,,2,,
1341,ETS-020,ETS020,,454,463,2,352,2,,,,,梱包,,TRUE,,,,,,,229,,2,,
1342,ETS-025,ETS025,,458,467,2,352,2,,,,,梱包,,TRUE,,,,,,,233,,2,,
1343,ETS-034,ETS034,,467,476,2,352,2,,,,,梱包,,TRUE,,,,,,,242,,2,,
1344,CST-003,CST003,,277,262,2,351,2,,,,,梱包,,TRUE,,,,,,,438,,2,,
1345,CST-004,CST004,,278,263,2,351,2,,,,,梱包,,TRUE,,,,,,,439,,2,,
1346,ADY-083,ADY083,,112,73,2,352,2,,,,,梱包,,TRUE,,,,,,,174,,2,,
1347,ADY-061,ADY061,,99,53,2,352,2,,,,,梱包,,TRUE,,,,,,,154,,2,,
1348,ADY-067,ADY067,,103,57,2,352,2,,,,,梱包,,TRUE,,,,,,,158,,2,,
1349,CST-007,CST007,,280,265,2,352,2,,,,,梱包,,TRUE,,,,,,,441,,2,,
1350,CST-001,CST001,,275,260,2,352,2,,,,,梱包,,TRUE,,,,,,,436,,2,,
1351,ADY-082,ADY082,,111,72,2,352,2,,,,,梱包,,TRUE,,,,,,,173,,2,,
1352,CST-009,CST009,,281,266,2,352,2,,,,,梱包,,TRUE,,,,,,,442,,2,,
1354,ETS-018,ETS018,,452,461,2,351,2,,,,,梱包,,TRUE,,,,,,,227,,2,,
1355,YCM-026,YCM026,,2706,3222,2,352,2,,,,,梱包,,TRUE,,,,,,,3263,,2,,
1356,YCM-019,YCM019,,2703,3218,2,352,2,,,,,梱包,,TRUE,,,,,,,3259,,2,,
1357,YCM-032,YCM032,,2711,3227,2,352,2,,,,,梱包,,TRUE,,,,,,,3268,,2,,
1358,ADY-006,ADY006,,94,46,2,352,2,,,,,梱包,,TRUE,,,,,,,147,,2,,
1359,ADY-081,ADY081,,110,71,2,352,2,,,,,梱包,,TRUE,,,,,,,172,,2,,
1360,ADY-092,ADY092,,120,83,2,352,2,,,,,梱包,,TRUE,,,,,,,184,,2,,
1361,MKG-002,MKG002,,1217,1355,2,352,2,,,,,梱包,,TRUE,,,,,,,1433,,2,,
1362,ETS-036,ETS036,,469,478,2,352,2,,,,,梱包,,TRUE,,,,,,,244,,2,,
1363,ETS-022,ETS022,,456,465,2,362,2,,,,,梱包,,TRUE,,,,,,,231,,2,,
1364,ETS-033,ETS033,,466,475,2,362,2,,,,,梱包,,TRUE,,,,,,,241,,2,,
1366,ETS-029,ETS029,,462,471,2,362,2,,,,,梱包,,TRUE,,,,,,,237,,2,,
1367,ETS-028,ETS028,,461,470,2,362,2,,,,,梱包,,TRUE,,,,,,,236,,2,,
1368,ETS-017,ETS017,,451,460,2,362,2,,,,,梱包,,TRUE,,,,,,,226,,2,,
1369,ETS-031,ETS031,,464,473,2,362,2,,,,,梱包,,TRUE,,,,,,,239,,2,,
1370,ETS-032,ETS032,,465,474,2,362,2,,,,,梱包,,TRUE,,,,,,,240,,2,,
1371,ETS-027,ETS027,,460,469,2,362,2,,,,,梱包,,TRUE,,,,,,,235,,2,,
1372,ETS-013,ETS013,,447,456,2,362,2,,,,,梱包,,TRUE,,,,,,,222,,2,,
1373,ETS-015,ETS015,,449,458,2,362,2,,,,,梱包,,TRUE,,,,,,,224,,2,,
1374,ETS-016,ETS016,,450,459,2,362,2,,,,,梱包,,TRUE,,,,,,,225,,2,,
1375,ETS-021,ETS021,,455,464,2,362,2,,,,,梱包,,TRUE,,,,,,,230,,2,,
1376,ETS-006,ETS006,,441,450,2,362,2,,,,,梱包,,TRUE,,,,,,,216,,2,,
1377,ETS-004,ETS004,,439,448,2,362,2,,,,,梱包,,TRUE,,,,,,,214,,2,,
1378,ETS-005,ETS005,,440,449,2,362,2,,,,,梱包,,TRUE,,,,,,,215,,2,,
1379,TE-0-022-9,TE00229,,2031,2393,2,362,2,,,,,梱包,,TRUE,,,,,,,2455,,2,,
1380,TE-0-129-9,TE01299,,2055,2419,2,362,2,,,,,梱包,,TRUE,,,,,,,2480,,2,,
1381,TE-0-129-5,TE01295,,2052,2415,2,362,2,,,,,梱包,,TRUE,,,,,,,2477,,2,,
1382,ETS-002,ETS002,,437,446,2,362,2,,,,,梱包,,TRUE,,,,,,,212,,2,,
1383,ETS-008,ETS008,,443,452,2,362,2,,,,,梱包,,TRUE,,,,,,,218,,2,,
1384,ETS-001,ETS001,,436,445,2,362,2,,,,,梱包,,TRUE,,,,,,,211,,2,,
1385,ETS-024,ETS024,,457,466,2,362,2,,,,,梱包,,TRUE,,,,,,,232,,2,,
1386,ETS-009,ETS009,,444,453,2,362,2,,,,,梱包,,TRUE,,,,,,,219,,2,,
1387,ETS-022,ETS022,,456,465,2,362,2,,,,,梱包,,TRUE,,,,,,,231,,2,,
1388,ETS-012,ETS012,,446,455,2,362,2,,,,,梱包,,TRUE,,,,,,,221,,2,,
1389,ETS-014,ETS014,,448,457,2,362,2,,,,,梱包,,TRUE,,,,,,,223,,2,,
1390,TE-7-077-6,TE70776,,2401,2858,2,363,2,,,,,指示書無,,TRUE,,,,,,,2916,,2,,
1391,TE-5-065-1,TE50651,,2343,2787,2,363,2,,,,,指示書無,,TRUE,,,,,,,2845,,2,,
1392,TE-6-129-4,TE61294,,2379,2828,2,363,2,,,,,指示書無,,TRUE,,,,,,,2886,,2,,
1393,TE-6-129-7,TE61297,,2381,2830,2,363,2,,,,,指示書無,,TRUE,,,,,,,2888,,2,,
1394,TE-9-143-6,TE91436,,2471,2947,2,363,2,,,,,梱包,,TRUE,,,,,,,3004,,2,,
1395,TE-8-076-5,TE80765,,2429,2893,2,363,2,,,,,指示書無,,TRUE,,,,,,,2951,,2,,
1396,TE-6-059-8,TE60598,,2367,2814,2,363,2,,,,,指示書無,,TRUE,,,,,,,2872,,2,,
1397,TE-6-059-9,TE60599,,2368,2815,2,363,2,,,,,指示書無,,TRUE,,,,,,,2873,,2,,
1398,TE-5-069-0,TE50690,,2344,2788,2,363,2,,,,,指示書無,,TRUE,,,,,,,2846,,2,,
1399,TE-7-141-5,TE71415,,2416,2879,2,363,2,,,,,,,TRUE,,,,,,,2937,,2,,
1400,TE-7-130-3,TE71303,,2411,2872,2,363,2,,,,,指示書無,,TRUE,,,,,,,2930,,2,,
1401,TE-5-129-5,TE51295,,2353,2798,2,363,2,,,,,,,TRUE,,,,,,,2856,,2,,
1402,TE-6-142-9AB,TE61429AB,,4288,2833,2,363,2,,,,,,,TRUE,,,,,,,2891,,2,,
1403,TE-9-077-5,TE90775,,2457,2931,2,363,2,,,,,指示書無,,TRUE,,,,,,,2988,,2,,
1404,TE-5-060-3,TE50603,,2341,2785,2,363,2,,,,,梱包,,TRUE,,,,,,,2843,,2,,
1405,TE-9-142-6,TE91426,,2470,2946,2,363,2,,,,,梱包,,TRUE,,,,,,,3003,,2,,
1406,TE-6-129-3,TE61293,,2378,2827,2,363,2,,,,,梱包,,TRUE,,,,,,,2885,,2,,
1407,TE-8-103-9,TE81039,,2432,2896,2,363,2,,,,,梱包,,TRUE,,,,,,,2954,,2,,
1408,TE-5-110-7,TE51107,,2347,2791,2,363,2,,,,,梱包,,TRUE,,,,,,,2849,,2,,
1409,TE-5-069-4AB,TE50694AB,,2345,2789,2,363,2,,,,,梱包,,TRUE,,,,,,,2847,,2,,
1410,TE-7-135-5,TE71355,,2415,2878,2,363,2,,,,,梱包,,TRUE,,,,,,,2936,,2,,
1411,TE-6-129-5,TE61295,,2380,2829,2,363,2,,,,,梱包,,TRUE,,,,,,,2887,,2,,
1412,TE-5-130-0,TE51300,,2355,2801,2,363,2,,,,,梱包,,TRUE,,,,,,,2859,,2,,
1413,TE-5-129-8,TE51298,,2354,2800,2,363,2,,,,,梱包,,TRUE,,,,,,,2858,,2,,
1414,TE-2-129-4,TE21294,,2184,2574,2,353,2,,,,,梱包,,TRUE,,,,,,,2635,,2,,
1415,KRE-039,KRE039,,984,1064,2,353,2,,,,,梱包,,TRUE,,,,,,,1142,,2,,
1416,KRE-028,KRE028,,972,1051,2,353,2,,,,,梱包,,TRUE,,,,,,,1129,,2,,
1417,KRE-038,KRE038,,982,1062,2,353,2,,,,,梱包,,TRUE,,,,,,,1140,,2,,
1418,KRE-03,KRE03,,974,1053,2,353,2,,,,,梱包,,TRUE,,,,,,,1131,,2,,
1419,TE-4-125-4,TE41254,,2300,2740,2,353,2,,,,,梱包,,TRUE,,,,,,,2799,,2,,
1420,KRE-029,KRE029,,973,1052,2,353,2,,,,,梱包,,TRUE,,,,,,,1130,,2,,
1421,KRE-035,KRE035,,978,1058,2,353,2,,,,,梱包,,TRUE,,,,,,,1136,,2,,
1422,KRE-018,KRE018,,966,1043,2,353,2,,,,,梱包,,TRUE,,,,,,,1121,,2,,
1423,NRK-004,NRK004,,1467,1687,2,353,2,,,,,梱包,,TRUE,,,,,,,1763,,2,,
1424,KRE-033,KRE033,,976,1056,2,353,2,,,,,梱包,,TRUE,,,,,,,1134,,2,,
1425,KRE-027,KRE027,,971,1050,2,353,2,,,,,梱包,,TRUE,,,,,,,1128,,2,,
1426,TE-2-023-2,TE20232,,2160,2544,2,353,2,,,,,梱包,,TRUE,,,,,,,2605,,2,,
1427,KRE-016,KRE016,,965,1042,2,353,2,,,,,梱包,,TRUE,,,,,,,1120,,2,,
1428,NSK-013,NSK013,,1504,1727,2,353,2,,,,,梱包,,TRUE,,,,,,,1803,,2,,
1429,KRE-021,KRE021,,967,1046,2,353,2,,,,,梱包,,TRUE,,,,,,,1124,,2,,
1430,NSK-011,NSK011,,1502,1725,2,353,2,,,,,梱包,,TRUE,,,,,,,1801,,2,,
1431,NSK-008,NSK008,,1499,1722,2,353,2,,,,,梱包,,TRUE,,,,,,,1798,,2,,
1432,TE-3-157-6(旧）,TE31576(旧）,,2277,2710,2,353,2,,,,,梱包,,TRUE,,,,,,,2769,,2,,
1433,TE-4-129-5,TE41295,,2305,2745,2,353,2,,,,,梱包,,TRUE,,,,,,,2804,,2,,
1434,NSK-003 (NKS 003?),NSK003(NKS003?),,1495,1718,2,353,2,,,,,梱包,,TRUE,,,,,,,1794,,2,,
1435,TE-2-129-7,TE21297,,2187,2577,2,353,2,,,,,梱包,,TRUE,,,,,,,2638,,2,,
1436,KRE-037R,KRE037,,980,1060,2,353,2,,,,,梱包,,TRUE,,,,,,,1138,,2,,
1437,KRE-034,KRE034,,977,1057,2,353,2,,,,,梱包,,TRUE,,,,,,,1135,,2,,
1438,NSK-012,NSK012,,1503,1726,2,353,2,,,,,梱包,,TRUE,,,,,,,1802,,2,,
1439,NSK-006,NSK006,,1497,1720,2,353,2,,,,,梱包,,TRUE,,,,,,,1796,,2,,
1440,KRE-010,KRE010,,964,1038,2,353,2,,,,,梱包,,TRUE,,,,,,,1116,,2,,
1441,KRE-038R,KRE038R,,982,1063,2,353,2,,,,,梱包,,TRUE,,,,,,,1141,,2,,
1442,TE-2-129-6,TE21296,,2186,2576,2,353,2,,,,,梱包,,TRUE,,,,,,,2637,,2,,
1443,KRE-036,KRE036,,979,1059,2,353,2,,,,,梱包,,TRUE,,,,,,,1137,,2,,
1444,KRE-032,KRE032,,975,1055,2,353,2,,,,,梱包,,TRUE,,,,,,,1133,,2,,
1445,TE-2-023-4,TE20234,,2161,2545,2,353,2,,,,,梱包,,TRUE,,,,,,,2606,,2,,
1446,KRE-043,KRE043,,985,1065,2,353,2,,,,,梱包,,TRUE,,,,,,,1143,,2,,
1447,KRE-044,KRE044,,986,1066,2,353,2,,,,,梱包,,TRUE,,,,,,,1144,,2,,
1448,KRE-023,KRE023,,968,1047,2,353,2,,,,,梱包,,TRUE,,,,,,,1125,,2,,
1449,KRE-037J,KRE037T,,980,1061,2,353,2,,,,,梱包,,TRUE,,,,,,,1139,,2,,
1450,NSK-014,NSK014,,1505,1728,2,353,2,,,,,梱包,,TRUE,,,,,,,1804,,2,,
1451,NSK-010,NSK010,,1501,1724,2,353,2,,,,,梱包,,TRUE,,,,,,,1800,,2,,
1452,NSK-007,NSK007,,1498,1721,2,353,2,,,,,梱包,,TRUE,,,,,,,1797,,2,,
1453,TH-029,TH029,,2489,2975,2,353,2,,,,,梱包,,TRUE,,,,,,,3030,,2,,
1454,TH-056梱包,TH056梱包,,2496,4746,2,353,2,,,,,梱包,,TRUE,,,,,,,4588,,2,,
1455,TH-051,TH051,,2495,2981,2,353,2,,,,,梱包,,TRUE,,,,,,,3036,,2,,
1456,KRE-024,KRE024,,969,1048,2,353,2,,,,,梱包,,TRUE,,,,,,,1126,,2,,
1457,KRE-026,KRE026,,970,1049,2,353,2,,,,,梱包,,TRUE,,,,,,,1127,,2,,
1459,TE-0-159-4,TE01594,,2063,2431,2,351,2,,,,,梱包,,TRUE,,,,,,,2492,,2,,
1460,TE-0-021-4,TE00214,,2024,2385,2,351,2,,,,,梱包,,TRUE,,,,,,,2447,,2,,
1461,TE-0-021-1,TE00211,,2021,2382,2,351,2,,,,,梱包,,TRUE,,,,,,,2444,,2,,
1462,TE-0-021-2,TE00212,,2022,2383,2,351,2,,,,,梱包,,TRUE,,,,,,,2445,,2,,
1463,KMX-006,KMX006,,927,995,2,351,2,,,,,梱包,,TRUE,,,,,,,1074,,2,,
1464,KMX-003,KMX003,,924,992,2,351,2,,,,,梱包,,TRUE,,,,,,,1071,,2,,
1465,TKS-018,TKS018,,2593,3094,2,351,2,,,,,梱包,,TRUE,,,,,,,3135,,2,,
1466,TKS-017,TKS017,,2592,3093,2,351,2,,,,,梱包,,TRUE,,,,,,,3134,,2,,
1467,TKS-013,TKS013,,2588,3089,2,351,2,,,,,梱包,,TRUE,,,,,,,3130,,2,,
1468,TKS-014,TKS014,,2589,3090,2,351,2,,,,,梱包,,TRUE,,,,,,,3131,,2,,
1469,TKS-015R,TKS015R,,2590,3091,2,351,2,,,,,梱包,,TRUE,,,,,,,3132,,2,,
1470,TKS-016,TKS016,,2591,3092,2,351,2,,,,,梱包,,TRUE,,,,,,,3133,,2,,
1471,TE-0-159-8,TE01598,,2064,2432,2,351,2,,,,,梱包,,TRUE,,,,,,,2493,,2,,
1472,TE-8-156-7,TE81567,,2444,2911,2,351,2,,,,,梱包,,TRUE,,,,,,,2969,,2,,
1473,TE-1-079-4,TE10794,,2107,2478,2,351,2,,,,,梱包,,TRUE,,,,,,,2539,,2,,
1474,KMX-004R,KMX004R,,925,993,2,351,2,,,,,梱包,,TRUE,,,,,,,1072,,2,,
1475,TE-1447069-4,TE14470694,,2152,2536,2,351,2,,,,,梱包,,TRUE,,,,,,,2597,,2,,
1476,TKS-009,TKS009,,2584,3085,2,351,2,,,,,梱包,,TRUE,,,,,,,3126,,2,,
1477,TKS-008,TKS008,,2583,3084,2,351,2,,,,,梱包,,TRUE,,,,,,,3125,,2,,
1478,TKS-011,TKS011,,2586,3087,2,351,2,,,,,梱包,,TRUE,,,,,,,3128,,2,,
1479,TKS-012,TKS012,,2587,3088,2,351,2,,,,,梱包,,TRUE,,,,,,,3129,,2,,
1480,TKS-010,TKS010,,2585,3086,2,351,2,,,,,梱包,,TRUE,,,,,,,3127,,2,,
1481,TKS-007,TKS007,,2582,3083,2,351,2,,,,,梱包,,TRUE,,,,,,,3124,,2,,
1482,TE-9-127-3,TE91273,,2462,2937,2,351,2,,,,,梱包,,TRUE,,,,,,,2994,,2,,
1483,TE-0-108-6,TE01086,,2043,2406,2,351,2,,,,,梱包,,TRUE,,,,,,,2468,,2,,
1484,TE-0-136-3,TE01363,,2057,2422,2,351,2,,,,,梱包,,TRUE,,,,,,,2483,,2,,
1485,TE-0-136-4,TE01364,,2058,2423,2,351,2,,,,,梱包,,TRUE,,,,,,,2484,,2,,
1486,TE-1-019-5,TE10195,,2084,2453,2,351,2,,,,,梱包,,TRUE,,,,,,,2514,,2,,
1487,TE-1-108-7,TE11087,,2110,2481,2,351,2,,,,,梱包,,TRUE,,,,,,,2542,,2,,
1488,TE-0-019-7,TE00197,,2015,2376,2,351,2,,,,,梱包,,TRUE,,,,,,,2438,,2,,
1489,TE-1-019-8,TE10198,,2086,2455,2,351,2,,,,,梱包,,TRUE,,,,,,,2516,,2,,
1490,TE-1-019-7,TE10197,,2085,2454,2,351,2,,,,,梱包,,TRUE,,,,,,,2515,,2,,
1491,TE-1-019-4,TE10194,,2083,2452,2,351,2,,,,,梱包,,TRUE,,,,,,,2513,,2,,
1492,TE-0-019-3,TE00193,,2012,2373,2,351,2,,,,,梱包,,TRUE,,,,,,,2435,,2,,
1493,TE-0-019-4,TE00194,,2013,2374,2,351,2,,,,,梱包,,TRUE,,,,,,,2436,,2,,
1494,TE-1-017-6,TE10176,,2077,2445,2,351,2,,,,,梱包,,TRUE,,,,,,,2506,,2,,
1495,NEC-013,NEC013,,1386,1574,2,361,2,,,,,梱包,,TRUE,,,,,,,1651,,2,,
1496,SJI-007,SJI007,,1735,2004,2,361,2,,,,,梱包,,TRUE,,,,,,,2075,,2,,
1497,SPJ-047,SPJ047,,1851,2176,2,361,2,,,,,梱包,,TRUE,,,,,,,2247,,2,,
1498,SPJ-034,SPJ034,,1847,2172,2,361,2,,,,,梱包,,TRUE,,,,,,,2243,,2,,
1499,SPJ-046,SPJ046,,1850,2175,2,361,2,,,,,梱包,,TRUE,,,,,,,2246,,2,,
1500,NEC-011B,NEC011B,,1383,1571,2,361,2,,,,,梱包,,TRUE,,,,,,,1648,,2,,
1501,NEC-002B,NEC002B,,1372,1559,2,361,2,,,,,梱包,,TRUE,,,,,,,1636,,2,,
1502,TE-5-052-1,TE50521,,2335,2778,2,361,2,,,,,梱包,,TRUE,,,,,,,2836,,2,,
1503,TP-02-0510,TP020510,,2645,3152,2,361,2,,,,,梱包,,TRUE,,,,,,,3193,,2,,
1504,TBG-018PP,TBG018PP,,1979,2337,2,361,2,,,,,梱包,,TRUE,,,,,,,2400,,2,,
1505,SPJ-008,SPJ008,,1839,2162,2,361,2,,,,,梱包,,TRUE,,,,,,,2233,,2,,
1506,TE-6-062-5,TE60625,,2369,2816,2,361,2,,,,,梱包,,TRUE,,,,,,,2874,,2,,
1507,SPJ-018,SPJ018,,1842,2165,2,361,2,,,,,梱包,,TRUE,,,,,,,2236,,2,,
1508,SPJ-019,SPJ019,,1843,2166,2,361,2,,,,,梱包,,TRUE,,,,,,,2237,,2,,
1509,SPJ-016,SPJ016,,1841,2164,2,361,2,,,,,梱包,,TRUE,,,,,,,2235,,2,,
1510,TMC-018,TMC018,,2601,3104,2,361,2,,,,,梱包,,TRUE,,,,,,,3145,,2,,
1511,TMC-005,TMC005,,2600,3102,2,361,2,,,,,梱包,,TRUE,,,,,,,3143,,2,,
1512,NRK-012,NRK012,,1473,1694,2,361,2,,,,,梱包,,TRUE,,,,,,,1770,,2,,
1513,NEC-007R,NEC007R,,1374,1562,2,361,2,,,,,梱包,,TRUE,,,,,,,1639,,2,,
1514,NEC-010,NEC010,,1382,1570,2,361,2,,,,,梱包,,TRUE,,,,,,,1647,,2,,
1515,NEC-002T,NEC002T,,1372,1560,2,361,2,,,,,梱包,,TRUE,,,,,,,1637,,2,,
1516,NEC-009B xx,NEC009Bxx,,2958,1566,2,361,2,,,,,梱包,,TRUE,,,,,,,1643,,2,,
1517,NEC-009B,NEC009B,,2958,1565,2,361,2,,,,,梱包,,TRUE,,,,,,,1642,,2,,
1518,NEC-009T 3,NEC009T3,,2958,1568,2,361,2,,,,,梱包,,TRUE,,,,,,,1645,,2,,
1519,NEC-011T,NEC011T,,1383,1572,2,361,2,,,,,梱包,,TRUE,,,,,,,1649,,2,,
1520,TMC-003,TMC003,,2598,3100,2,361,2,,,,,梱包,,TRUE,,,,,,,3141,,2,,
1521,KSE-022R,KSE022R,,3967,1088,2,361,2,,,,,梱包,,TRUE,,,,,,,1166,,2,,
1522,TMC-003R,TMC003R,,2598,3101,2,361,2,,,,,梱包,,TRUE,,,,,,,3142,,2,,
1523,TMC-001,TMC001,,2596,3097,2,361,2,,,,,梱包,,TRUE,,,,,,,3138,,2,,
1524,TMC-018R,TMC018R,,2601,3105,2,361,2,,,,,梱包,,TRUE,,,,,,,3146,,2,,
1525,TMC-001R,TMC001R,,2596,3098,2,361,2,,,,,梱包,,TRUE,,,,,,,3139,,2,,
1526,NEC-014R,NEC014R,,1387,1575,2,361,2,,,,,梱包,,TRUE,,,,,,,1652,,2,,
1527,NRK-034,NRK034,,1481,1703,2,361,2,,,,,梱包,,TRUE,,,,,,,1779,,2,,
1528,NEC-008,NEC008,,1376,1563,2,361,2,,,,,梱包,,TRUE,,,,,,,1640,,2,,
1529,NEC-007,NEC007,,1374,1561,2,361,2,,,,,梱包,,TRUE,,,,,,,1638,,2,,
1530,NEC-009T xx,NEC009Txx,,2958,1569,2,361,2,,,,,梱包,,TRUE,,,,,,,1646,,2,,
1531,NEC-009T,NEC009T,,2958,1567,2,361,2,,,,,梱包,,TRUE,,,,,,,1644,,2,,
1532,NEC-012B,NEC012B,,1385,1573,2,361,2,,,,,梱包,,TRUE,,,,,,,1650,,2,,
1533,NEC-001B,NEC001B,,1370,1557,2,361,2,,,,,梱包,,TRUE,,,,,,,1634,,2,,
1534,NEC-001T,NEC001T,,1370,1558,2,361,2,,,,,梱包,,TRUE,,,,,,,1635,,2,,
1535,NEC-008,NEC008,,1376,1563,2,361,2,,,,,梱包,,TRUE,,,,,,,1640,,2,,
1536,KSE-021,KSE021,,998,1085,2,361,2,,,,,梱包,,TRUE,,,,,,,1163,,2,,
1537,KSE-023,KSE023,,1001,1089,2,361,2,,,,,梱包,,TRUE,,,,,,,1167,,2,,
1538,KSE-002,KSE002,,991,1074,2,361,2,,,,,梱包,,TRUE,,,,,,,1152,,2,,
1539,KSE-006,KSE006,,993,1076,2,361,2,,,,,梱包,,TRUE,,,,,,,1154,,2,,
1540,KSE-021BT,KSE021BT,,998,1086,2,361,2,,,,,梱包,,TRUE,,,,,,,1164,,2,,
1541,SPJ-040B,SPJ040B,,1848,2173,2,361,2,,,,,梱包,,TRUE,,,,,,,2244,,2,,
1542,SPJ-040T,SPJ040T,,1848,2174,2,361,2,,,,,梱包,,TRUE,,,,,,,2245,,2,,
1543,KSE-007,KSE007,,994,1077,2,361,2,,,,,梱包,,TRUE,,,,,,,1155,,2,,
1544,KSE-015,KSE015,,996,1080,2,361,2,,,,,梱包,,TRUE,,,,,,,1158,,2,,
1545,KSE-020,KSE020,,997,1084,2,361,2,,,,,梱包,,TRUE,,,,,,,1162,,2,,
1546,STF-005,STF005,,1936,2288,2,323,2,,,,,梱包,,TRUE,,,,,,,2351,,2,,
1547,STF-006,STF006,,1937,2289,2,323,2,,,,,梱包,,TRUE,,,,,,,2352,,2,,
1548,SMK-179 使用禁止,SMK179使用禁止,,1809,2125,2,323,2,,,,,梱包,,TRUE,,,,,,,2196,,2,,
1549,EXD-018,EXD018,,478,488,2,323,2,,,,,梱包,,TRUE,,,,,,,254,,2,,
1550,STF-006,STF006,,1937,2289,2,323,2,,,,,梱包,,TRUE,,,,,,,2352,,2,,
1551,TE-025-54580,TE02554580,,2075,2443,2,323,2,,,,,梱包,,TRUE,,,,,,,2504,,2,,
1552,TE-025-54581,TE02554581,,2076,2444,2,323,2,,,,,梱包,,TRUE,,,,,,,2505,,2,,
1553,STF-005,STF005,,1936,2288,2,323,2,,,,,梱包,,TRUE,,,,,,,2351,,2,,
1554,STF-003,STF003,,1935,2286,2,323,2,,,,,梱包,,TRUE,,,,,,,2349,,2,,
1555,SSK-006,SSK006,,1875,2213,2,323,2,,,,,梱包,,TRUE,,,,,,,2277,,2,,
1556,JAE-034PLUG,JAE034PLUG,,616,632,2,323,3,,,,,梱包,,TRUE,,,,,,,725,,2,,
1557,TE-3-141-4,TE31414,,2271,2704,2,323,2,,,,,梱包,,TRUE,,,,,,,2763,,2,,
1558,KDS-028,KDS028,,829,880,2,333,2,,,,,梱包,,TRUE,,,,,,,960,,2,,
1559,KDS-041,KDS041,,833,884,2,333,2,,,,,梱包,,TRUE,,,,,,,964,,2,,
1560,KDS-068,KDS068,,845,899,2,333,2,,,,,梱包,,TRUE,,,,,,,979,,2,,
1561,KDS-024,KDS024,,827,877,2,333,2,,,,,梱包,,TRUE,,,,,,,957,,2,,
1562,TH-048,TH048,,2493,2979,2,333,2,,,,,梱包,,TRUE,,,,,,,3034,,2,,
1563,KDS-030,KDS030,,830,881,2,333,2,,,,,梱包,,TRUE,,,,,,,961,,2,,
1564,KDS-039,KDS039,,832,883,2,333,2,,,,,梱包,,TRUE,,,,,,,963,,2,,
1565,KDS-069,KDS069,,846,900,,0,2,,,,,梱包 | [旧RackLayer 705] 出荷・返却済,,TRUE,,返却済,10/17/2024,,,,980,返却済,,,
1566,TH-009,TH009,,2485,2969,2,333,2,,,,,梱包,,TRUE,,,,,,,3024,,2,,
1567,TH-018,TH018,,4885,4313,2,333,2,,,,,梱包,,TRUE,,,,,,,4283,,2,,
1568,TH-028,TH028,,2488,2974,2,333,2,,,,,梱包,,TRUE,,,,,,,3029,,2,,
1569,TH-032,TH032,,2491,2977,2,333,2,,,,,梱包,,TRUE,,,,,,,3032,,2,,
1570,TH-015,TH015,,2487,2973,2,333,2,,,,,梱包,,TRUE,,,,,,,3028,,2,,
1571,TH-033,TH033,,2492,2978,2,333,2,,,,,梱包,,TRUE,,,,,,,3033,,2,,
1572,TH-050,TH050,,2494,2980,2,333,2,,,,,梱包,,TRUE,,,,,,,3035,,2,,
1573,TH-058,TH058,,2497,2983,2,333,2,,,,,梱包,,TRUE,,,,,,,3037,,2,,
1574,KDS-057,KDS057,,840,893,2,332,2,,,,,梱包,,TRUE,,,,,,,973,,2,,
1575,KDS-079,KDS079,,851,906,2,332,2,,,,,梱包,,TRUE,,,,,,,986,,2,,
1576,KDS-080,KDS080,,852,907,2,332,2,,,,,梱包,,TRUE,,,,,,,987,,2,,
1577,KDS-067,KDS067,,844,898,2,332,2,,,,,梱包,,TRUE,,,,,,,978,,2,,
1578,KDS-060,KDS060,,841,894,2,332,2,,,,,梱包,,TRUE,,,,,,,974,,2,,
1579,KDS-037,KDS037,,831,882,2,265,2,,,,,梱包-->㉔ー0　写真の為移動2024.6.14,,TRUE,,,,,,,962,,2,,
1580,KDS-017,KDS017,,825,875,2,332,2,,,,,梱包,,TRUE,,,,,,,955,,2,,
1581,KDS-027,KDS027,,828,879,2,332,2,,,,,梱包,,TRUE,,,,,,,959,,2,,
1582,KDS-048,KDS048,,836,887,2,332,2,,,,,梱包,,TRUE,,,,,,,967,,2,,
1585,KMX-002,KMX002,,923,991,2,351,2,,,,,梱包,,TRUE,,,,,,,1070,,2,,
1586,KMX-005,KMX005,,926,994,2,351,2,,,,,梱包,,TRUE,,,,,,,1073,,2,,
1587,GMY-095,GMY095,,530,548,2,351,2,,,,,梱包,,TRUE,,,,,,,641,,2,,
1588,TE-4-156-2,TE41562,,2316,2756,2,351,2,,,,,梱包,,TRUE,,,,,,,2815,,2,,
1589,TE-3-160-1,TE31601,,2280,2713,2,351,2,,,,,梱包,,TRUE,,,,,,,2772,,2,,
1590,TE-3-160-0 (旧）,TE31600(旧）,,2279,2712,2,351,2,,,,,梱包,,TRUE,,,,,,,2771,,2,,
1591,NRK-042,NRK042,,1486,1708,2,351,2,,,,,梱包,,TRUE,,,,,,,1784,,2,,
1592,KDS-074,KDS074,,849,904,2,261,2,,,,,梱包,,TRUE,,,,,,,984,,2,,
1593,KSE-005,KSE005,,992,1075,2,351,2,,,,,梱包,,TRUE,,,,,,,1153,,2,,
1594,KSE-T,KSET,,3962,1091,2,351,2,,,,,梱包,,TRUE,,,,,,,1169,,2,,
1595,KMX-001,KMX001,,922,990,2,351,2,,,,,梱包,,TRUE,,,,,,,1069,,2,,
1596,ETS-011,ETS011,,445,454,2,351,2,,,,,梱包,,TRUE,,,,,,,220,,2,,
1597,EXD-041,EXD041,,494,505,2,351,2,,,,,梱包,,TRUE,,,,,,,270,,2,,
1598,KSE-021BT,KSE021BT,,998,1086,2,351,2,,,,,梱包,,TRUE,,,,,,,1164,,2,,
1599,KSE-005,KSE005,,992,1075,2,351,2,,,,,梱包,,TRUE,,,,,,,1153,,2,,
1600,KSE-010,KSE010,,995,1079,2,351,2,,,,,梱包,,TRUE,,,,,,,1157,,2,,
1601,NRK-035,NRK035,,1482,1704,2,351,2,,,,,梱包,,TRUE,,,,,,,1780,,2,,
1602,TE-0-018-9,TE00189,,2011,2372,2,351,2,,,,,梱包,,TRUE,,,,,,,2434,,2,,
1603,TE-0-018-1,TE00181,,2010,2371,2,351,2,,,,,梱包,,TRUE,,,,,,,2433,,2,,
1604,TE-0-023-8,TE00238,,2034,2396,2,351,2,,,,,梱包,,TRUE,,,,,,,2458,,2,,
1605,TE-0-079-4,TE00794,,2040,2403,2,351,2,,,,,梱包,,TRUE,,,,,,,2465,,2,,
1606,TE-1-022-7,TE10227,,2097,2466,2,351,2,,,,,梱包,,TRUE,,,,,,,2527,,2,,
1607,TE-1-108-6,TE11086,,2109,2480,2,351,2,,,,,梱包,,TRUE,,,,,,,2541,,2,,
1608,TE-1-022-0,TE10220,,2092,2461,2,351,2,,,,,梱包,,TRUE,,,,,,,2522,,2,,
1609,TE-1-130-7,TE11307,,2124,2498,2,351,2,,,,,梱包,,TRUE,,,,,,,2559,,2,,
1610,TE-1279334-1,TE12793341,,2141,2523,2,351,2,,,,,梱包,,TRUE,,,,,,,2584,,2,,
1611,TE-1-141-0,TE11410,,2127,2501,2,351,2,,,,,梱包,,TRUE,,,,,,,2562,,2,,
1612,TE-1-023-2,TE10232,,2099,2468,2,351,2,,,,,梱包,,TRUE,,,,,,,2529,,2,,
1613,TE-1-022-5,TE10225,,2096,2465,2,351,2,,,,,梱包,,TRUE,,,,,,,2526,,2,,
1614,TE-1-023-6,TE10236,,2100,2469,2,351,2,,,,,梱包,,TRUE,,,,,,,2530,,2,,
1615,TE-1-018-1,TE10181,,2079,2447,2,351,2,,,,,梱包,,TRUE,,,,,,,2508,,2,,
1616,TE-1-018-3,TE10183,,2081,2449,2,351,2,,,,,梱包,,TRUE,,,,,,,2510,,2,,
1617,TE-1-018-4,TE10184,,2082,2450,2,351,2,,,,,梱包,,TRUE,,,,,,,2511,,2,,
1618,TE-0-021-9,TE00219,,2027,2389,2,351,2,,,,,梱包,,TRUE,,,,,,,2451,,2,,
1619,TE-1-129-9,TE11299,,2120,2494,2,351,2,,,,,梱包,,TRUE,,,,,,,2555,,2,,
1620,TE-0-021-6,TE00216,,2026,2387,2,351,2,,,,,梱包,,TRUE,,,,,,,2449,,2,,
1621,TE-1-021-0,TE10210,,2091,2460,2,351,2,,,,,梱包,,TRUE,,,,,,,2521,,2,,
1622,TE-0-045-1,TE00451,,2036,2398,2,351,2,,,,,梱包,,TRUE,,,,,,,2460,,2,,
1623,TE-0-021-6,TE00216,,2026,2387,2,351,2,,,,,梱包,,TRUE,,,,,,,2449,,2,,
1624,TE-0-072-2,TE00722,,2038,2401,2,351,2,,,,,梱包,,TRUE,,,,,,,2463,,2,,
1625,TE-0-128-1,TE01281,,2050,2413,2,351,2,,,,,梱包,,TRUE,,,,,,,2475,,2,,
1626,TE-0-023-3,TE00233,,2033,2395,2,351,2,,,,,梱包,,TRUE,,,,,,,2457,,2,,
1627,TE-1-022-4,TE10224,,2095,2464,2,351,2,,,,,梱包,,TRUE,,,,,,,2525,,2,,
1628,TE-0-130-9,TE01309,,2056,2421,2,351,2,,,,,梱包,,TRUE,,,,,,,2482,,2,,
1629,TE-1-018-0,TE10180,,2078,2446,2,351,2,,,,,梱包,,TRUE,,,,,,,2507,,2,,
1630,TE-1-018-4,TE10184,,2082,2450,2,351,2,,,,,梱包,,TRUE,,,,,,,2511,,2,,
1631,TE-1-018-2,TE10182,,2080,2448,2,351,2,,,,,梱包,,TRUE,,,,,,,2509,,2,,
1632,TE-2-130-1,TE21301,,2189,2579,2,354,2,,,,,梱包,,TRUE,,,,,,,2640,,2,,
1633,TE-2-108-1,TE21081,,2173,2563,2,354,2,,,,,梱包,,TRUE,,,,,,,2624,,2,,
1634,TE-3-130-6,TE31306,,2270,2703,2,354,2,,,,,梱包,,TRUE,,,,,,,2762,,2,,
1635,TE-3-130-1,TE31301,,2268,2701,2,354,2,,,,,梱包,,TRUE,,,,,,,2760,,2,,
1636,TE-3-108-0,TE31080,,2262,2692,2,354,2,,,,,梱包,,TRUE,,,,,,,2751,,2,,
1637,TE-2-129-5,TE21295,,2185,2575,2,354,2,,,,,梱包,,TRUE,,,,,,,2636,,2,,
1638,TE-2-108-0,TE21080,,2172,2562,2,354,2,,,,,梱包,,TRUE,,,,,,,2623,,2,,
1639,TE-2-130-4,TE21304,,2192,2582,2,354,2,,,,,梱包,,TRUE,,,,,,,2643,,2,,
1640,TE-4-130-3,TE41303,,2308,2748,2,354,2,,,,,梱包,,TRUE,,,,,,,2807,,2,,
1641,TE-2-108-2,TE21082,,2174,2564,2,354,2,,,,,梱包,,TRUE,,,,,,,2625,,2,,
1642,TE-2-130-7,TE21307,,2194,2584,2,354,2,,,,,梱包,,TRUE,,,,,,,2645,,2,,
1643,TE-2-130-0,TE21300,,2188,2578,2,354,2,,,,,梱包,,TRUE,,,,,,,2639,,2,,
1644,TE-4-141-7,TE41417,,2312,2752,2,354,2,,,,,梱包,,TRUE,,,,,,,2811,,2,,
1645,TE-4-130-4,TE41304,,2309,2749,2,354,2,,,,,梱包,,TRUE,,,,,,,2808,,2,,
1646,TE-4-130-2,TE41302,,2307,2747,2,354,2,,,,,梱包,,TRUE,,,,,,,2806,,2,,
1647,TE-2-110-5,TE21105,,2178,2568,2,354,2,,,,,梱包,,TRUE,,,,,,,2629,,2,,
1648,TE-2-156-8,TE21568,,2200,2590,2,354,2,,,,,梱包,,TRUE,,,,,,,2651,,2,,
1649,TE-2-130-2,TE21302,,2190,2580,2,354,2,,,,,梱包,,TRUE,,,,,,,2641,,2,,
1650,TE-2-108-7,TE21087,,2175,2565,2,354,2,,,,,梱包,,TRUE,,,,,,,2626,,2,,
1651,TE-2-130-3,TE21303,,2191,2581,2,354,2,,,,,梱包,,TRUE,,,,,,,2642,,2,,
1652,TE-2-130-6,TE21306,,2193,2583,2,354,2,,,,,梱包,,TRUE,,,,,,,2644,,2,,
1653,TE-2-130-8,TE21308,,2195,2585,2,354,2,,,,,梱包,,TRUE,,,,,,,2646,,2,,
1654,TE-3-130-2,TE31302,,2269,2702,2,354,2,,,,,梱包,,TRUE,,,,,,,2761,,2,,
1655,TE-4-130-6,TE41306,,2311,2751,2,354,2,,,,,梱包,,TRUE,,,,,,,2810,,2,,
1656,YSM-004,YSM004,,2858,3427,2,354,2,,,,,梱包,,TRUE,,,,,,,3466,,2,,
1658,YSM-005,YSM005,,2859,3428,2,354,2,,,,,梱包,,TRUE,,,,,,,3467,,2,,
1659,YSM-007,YSM007,,2861,3430,2,354,2,,,,,梱包,,TRUE,,,,,,,3469,,2,,
1660,YSM-002,YSM002,,2856,3425,2,354,2,,,,,梱包,,TRUE,,,,,,,3464,,2,,
1661,YSM-011,YSM011,,2865,3434,2,354,2,,,,,梱包,,TRUE,,,,,,,3473,,2,,
1662,YSM-014,YSM014,,2867,3436,2,354,2,,,,,梱包,,TRUE,,,,,,,3475,,2,,
1663,YSM-003梱包,YSM003梱包,,2857,3426,2,354,2,,,,,梱包,,TRUE,,,,,,,3465,,2,,
1664,YSM-009,YSM009,,2863,3432,2,354,2,,,,,梱包,,TRUE,,,,,,,3471,,2,,
1665,TE-2-023-7,TE20237,,2162,2546,2,354,2,,,,,梱包,,TRUE,,,,,,,2607,,2,,
1666,TE-3-129-1,TE31291,,2266,2699,2,354,2,,,,,梱包,,TRUE,,,,,,,2758,,2,,
1667,TE-3-023-7,TE30237,,2250,2677,2,354,2,,,,,梱包,,TRUE,,,,,,,2736,,2,,
1668,TE-3-023-4R2,TE30234R2,,4360,2676,2,354,2,,,,,梱包,,TRUE,,,,,,,2735,,2,,
1669,TE-3-079-7,TE30797,,2261,2691,2,354,2,,,,,梱包,,TRUE,,,,,,,2750,,2,,
1670,TE-3-129-0,TE31290,,2265,2698,2,354,2,,,,,梱包,,TRUE,,,,,,,2757,,2,,
1671,YSM-015,YSM015,,2868,3437,2,354,2,,,,,梱包,,TRUE,,,,,,,3476,,2,,
1672,TE-3-023-1 R1,TE30231R1,,4361,2673,2,354,2,,,,,梱包,,TRUE,,,,,,,2732,,2,,
1673,TE-2-130-9,TE21309,,2196,2586,2,354,2,,,,,梱包,,TRUE,,,,,,,2647,,2,,
1674,YSM-010,YSM010,,2864,3433,2,354,2,,,,,梱包,,TRUE,,,,,,,3472,,2,,
1675,YSM-006,YSM006,,2860,3429,2,354,2,,,,,梱包,,TRUE,,,,,,,3468,,2,,
1676,TE-1-129-2,TE11292,,2119,2492,2,354,2,,,,,梱包,,TRUE,,,,,,,2553,,2,,
1677,TE-3-023-1 R2,TE30231R2,,4361,2674,2,354,2,,,,,梱包,,TRUE,,,,,,,2733,,2,,
1678,TE-3-023-3,TE30233,,2248,2675,2,354,2,,,,,梱包,,TRUE,,,,,,,2734,,2,,
1679,TE-8-077-1,TE80771,,2430,2894,2,363,2,,,,,梱包,,TRUE,,,,,,,2952,,2,,
1680,TE-7-057-1,TE70571,,2396,2851,2,363,2,,,,,梱包,,TRUE,,,,,,,2909,,2,,
1681,TE-7-127-8 R6,TE71278R6,,4358,2869,2,363,2,,,,,梱包,,TRUE,,,,,,,2927,,2,,
1682,TE-6-075-4,TE60754,,2370,2819,2,363,2,,,,,梱包,,TRUE,,,,,,,2877,,2,,
1683,OOT-015,OOT015,,1571,1807,2,363,2,,,,,梱包,,TRUE,,,,,,,1883,,2,,
1684,NSK-002,NSK002,,1494,1717,2,363,2,,,,,梱包,,TRUE,,,,,,,1793,,2,,
1685,TE-7-141-6,TE71416,,2417,2880,2,363,2,,,,,梱包20101018廃棄,,TRUE,,,,,,,2938,,2,,
1686,TE-7-073-9,TE70739,,2399,2855,2,363,2,,,,,梱包,,TRUE,,,,,,,2913,,2,,
1687,TE-7-079-0,TE70790,,2402,2859,2,363,2,,,,,梱包,,TRUE,,,,,,,2917,,2,,
1688,TE-9-077-2,TE90772,,2456,2930,2,363,2,,,,,梱包,,TRUE,,,,,,,2987,,2,,
1689,TE-5-075-8,TE50758,,2346,2790,2,363,2,,,,,梱包,,TRUE,,,,,,,2848,,2,,
1690,TE-8-129-8,TE81298,,2440,2905,2,363,2,,,,,梱包,,TRUE,,,,,,,2963,,2,,
1691,TE-5-129-1,TE51291,,2352,2797,2,363,2,,,,,梱包,,TRUE,,,,,,,2855,,2,,
1692,TE-2-023-0,TE20230,,2158,2542,2,363,2,,,,,梱包,,TRUE,,,,,,,2603,,2,,
1693,TE-0-023-1,TE00231,,2032,2394,2,362,2,,,,,梱包,,TRUE,,,,,,,2456,,2,,
1694,TE-0-022-1,TE00221,,2028,2390,2,362,2,,,,,梱包,,TRUE,,,,,,,2452,,2,,
1695,TE-0-129-8,TE01298,,2054,2418,2,362,2,,,,,梱包,,TRUE,,,,,,,2479,,2,,
1696,TE-1-022-3,TE10223,,2094,2463,2,362,2,,,,,梱包,,TRUE,,,,,,,2524,,2,,
1697,TE-1-130-9,TE11309,,2126,2500,2,362,2,,,,,梱包,,TRUE,,,,,,,2561,,2,,
1698,TE-1-022-1,TE10221,,2093,2462,2,362,2,,,,,梱包,,TRUE,,,,,,,2523,,2,,
1699,TE-0-022-3,TE00223,,2029,2391,2,362,2,,,,,梱包,,TRUE,,,,,,,2453,,2,,
1700,TE-8-156-7 R,TE81567R,,2444,2912,2,362,2,,,,,梱包,,TRUE,,,,,,,2970,,2,,
1701,TE-1-022-8,TE10228,,2098,2467,2,362,2,,,,,梱包,,TRUE,,,,,,,2528,,2,,
1702,TE-1-108-9,TE11089,,2111,2482,2,362,2,,,,,梱包,,TRUE,,,,,,,2543,,2,,
1703,TE-0-108-5,TE01085,,2042,2405,2,362,2,,,,,梱包,,TRUE,,,,,,,2467,,2,,
1704,TE-0-108-2,TE01082,,2041,2404,2,362,2,,,,,梱包,,TRUE,,,,,,,2466,,2,,
1705,TE-0-022-7,TE00227,,2030,2392,2,362,2,,,,,梱包,,TRUE,,,,,,,2454,,2,,
1706,TE-8-156-7 R,TE81567R,,2444,2912,2,362,2,,,,,梱包,,TRUE,,,,,,,2970,,2,,
1707,TE-1-130-5,TE11305,,2123,2497,2,362,2,,,,,梱包,,TRUE,,,,,,,2558,,2,,
1708,TE-0-127-1,TE01271,,2045,2408,2,362,2,,,,,梱包,,TRUE,,,,,,,2470,,2,,
1709,TE-0-021-3,TE00213,,2023,2384,2,362,2,,,,,梱包,,TRUE,,,,,,,2446,,2,,
1710,TE-0-128-2,TE01282,,2051,2414,2,362,2,,,,,梱包,,TRUE,,,,,,,2476,,2,,
1711,TE-0-021-5,TE00215,,2025,2386,2,362,2,,,,,梱包,,TRUE,,,,,,,2448,,2,,
1712,TE-0-023-1,TE00231,,2032,2394,2,361,2,,,,,梱包,,TRUE,,,,,,,2456,,2,,
1713,TE-0-022-1,TE00221,,2028,2390,2,361,2,,,,,梱包,,TRUE,,,,,,,2452,,2,,
1714,TE-0-129-8,TE01298,,2054,2418,2,361,2,,,,,梱包,,TRUE,,,,,,,2479,,2,,
1715,TE-1-022-3,TE10223,,2094,2463,2,361,2,,,,,梱包,,TRUE,,,,,,,2524,,2,,
1716,TE-1-130-9,TE11309,,2126,2500,2,361,2,,,,,梱包,,TRUE,,,,,,,2561,,2,,
1717,TE-1-022-1,TE10221,,2093,2462,2,361,2,,,,,梱包,,TRUE,,,,,,,2523,,2,,
1718,TE-0-022-3,TE00223,,2029,2391,2,361,2,,,,,梱包,,TRUE,,,,,,,2453,,2,,
1719,TE-8-156-7 R,TE81567R,,2444,2912,2,361,2,,,,,梱包,,TRUE,,,,,,,2970,,2,,
1720,TE-1-022-8,TE10228,,2098,2467,2,361,2,,,,,梱包,,TRUE,,,,,,,2528,,2,,
1721,TE-1-108-9,TE11089,,2111,2482,2,361,2,,,,,梱包,,TRUE,,,,,,,2543,,2,,
1722,TE-0-108-5,TE01085,,2042,2405,2,361,2,,,,,梱包,,TRUE,,,,,,,2467,,2,,
1723,TE-0-108-2,TE01082,,2041,2404,2,361,2,,,,,梱包,,TRUE,,,,,,,2466,,2,,
1724,TE-0-022-7,TE00227,,2030,2392,2,361,2,,,,,梱包,,TRUE,,,,,,,2454,,2,,
1725,TE-8-156-7 R,TE81567R,,2444,2912,2,361,2,,,,,梱包,,TRUE,,,,,,,2970,,2,,
1726,TE-1-130-5,TE11305,,2123,2497,2,361,2,,,,,梱包,,TRUE,,,,,,,2558,,2,,
1727,TE-0-127-1,TE01271,,2045,2408,2,361,2,,,,,梱包,,TRUE,,,,,,,2470,,2,,
1728,TE-0-021-3,TE00213,,2023,2384,2,361,2,,,,,梱包,,TRUE,,,,,,,2446,,2,,
1729,TE-0-128-2,TE01282,,2051,2414,2,361,2,,,,,梱包,,TRUE,,,,,,,2476,,2,,
1730,TE-0-021-5,TE00215,,2025,2386,2,361,2,,,,,梱包,,TRUE,,,,,,,2448,,2,,
1731,TH-011,TH011,,2486,2970,2,361,2,,,,,梱包,,TRUE,,,,,,,3025,,2,,
1732,TH-031,TH031,,2490,2976,2,361,2,,,,,梱包,,TRUE,,,,,,,3031,,2,,
1733,DIC-019梱包,DIC019梱包,,303,290,2,361,2,,,,,梱包,,TRUE,,,,,,,465,,2,,
1734,OTAX-005,OTAX005,,1605,1845,,704,2,,,,,梱包,,TRUE,,,,廃棄済,12/15/2025,,1921,廃棄済,,,
1735,OTAX-017,OTAX017,,1612,1855,,704,2,,,,,梱包,,TRUE,,,,廃棄済,12/15/2025,,1931,廃棄済,,,
1736,OTAX-002,OTAX002,,1602,1842,,704,2,,,,,梱包,,TRUE,,,,廃棄済,12/15/2025,,1918,廃棄済,,,
1737,OTAX-010,OTAX010,,1610,1850,,704,2,,,,,梱包,,TRUE,,,,廃棄済,12/15/2025,,1926,廃棄済,,,
1738,OTAX-018,OTAX018,,1613,1856,,704,2,,,,,梱包,,TRUE,,,,廃棄済,12/15/2025,,1932,廃棄済,,,
1739,OTAX-009,OTAX009,,1609,1849,,704,2,,,,,梱包,,TRUE,,,,廃棄済,12/15/2025,,1925,廃棄済,,,
1740,OTAX-001,OTAX001,,1601,1841,,704,2,,,,,梱包,,TRUE,,,,廃棄済,12/15/2025,,1917,廃棄済,,,
1741,OTAX-003,OTAX003,,1603,1843,,704,2,,,,,梱包,,TRUE,,,,廃棄済,12/15/2025,,1919,廃棄済,,,
1742,OTAX-007,OTAX007,,1607,1847,,704,2,,,,,梱包,,TRUE,,,,廃棄済,12/15/2025,,1923,廃棄済,,,
1743,OTAX-006,OTAX006,,1606,1846,,704,2,,,,,梱包,,TRUE,,,,廃棄済,12/15/2025,,1922,廃棄済,,,
1744,OTAX-013,OTAX013,,1611,1851,,704,2,,,,,梱包,,TRUE,,,,廃棄済,12/15/2025,,1927,廃棄済,,,
1745,OTAX-008,OTAX008,,1608,1848,,704,2,,,,,梱包,,TRUE,,,,廃棄済,12/15/2025,,1924,廃棄済,,,
1746,TNX-013 3面,TNX0133面,,2613,3119,2,361,2,,,,,梱包,,TRUE,,,,,,,3160,,2,,
1747,TE-2-162-4 2022.11.14,TE216242022.11.14,,2205,2595,2,361,2,,,,,梱包,,TRUE,,,,,,,2656,,2,,
1748,KSP-021,KSP021,,1016,1112,2,361,2,,,,,梱包,,TRUE,,,,,,,1190,,2,,
1749,KSP-018,KSP018,,1013,1107,2,361,2,,,,,梱包,,TRUE,,,,,,,1185,,2,,
1750,KSP-026,KSP026,,1021,1117,2,361,2,,,,,梱包,,TRUE,,,,,,,1195,,2,,
1751,KSP-133,KSP133,,1084,1207,2,361,2,,,,,梱包,,TRUE,,,,,,,1285,,2,,
1752,OTAX-004,OTAX004,,1604,1844,,704,2,,,,,梱包,,TRUE,,,,廃棄済,12/15/2025,,1920,廃棄済,,,
1753,KSP-030,KSP030,,1024,1122,2,361,2,,,,,梱包,,TRUE,,,,,,,1200,,2,,
1754,KSP-025,KSP025,,1020,1116,2,361,2,,,,,梱包,,TRUE,,,,,,,1194,,2,,
1755,KSP-036,KSP036,,1030,1128,2,361,2,,,,,梱包,,TRUE,,,,,,,1206,,2,,
1756,KSP-033,KSP033,,1027,1125,2,361,2,,,,,梱包,,TRUE,,,,,,,1203,,2,,
1757,KSP-027,KSP027,,1022,1120,2,361,2,,,,,梱包,,TRUE,,,,,,,1198,,2,,
1758,DIC-047,DIC047,,316,307,2,361,2,,,,,梱包,,TRUE,,,,,,,482,,2,,
1759,DIC-048,DIC048,,317,308,2,361,2,,,,,梱包,,TRUE,,,,,,,483,,2,,
1760,KSP-029,KSP029,,1023,1121,2,361,2,,,,,梱包,,TRUE,,,,,,,1199,,2,,
1761,KSP-011,KSP011,,1006,1100,2,361,2,,,,,梱包,,TRUE,,,,,,,1178,,2,,
1762,KSP-012,KSP012,,1007,1101,2,361,2,,,,,梱包,,TRUE,,,,,,,1179,,2,,
1763,KSP-099,KSP099,,1061,1181,2,361,2,,,,,梱包,,TRUE,,,,,,,1259,,2,,
1764,KSP-031,KSP031,,1025,1123,2,361,2,,,,,梱包,,TRUE,,,,,,,1201,,2,,
1765,KSP-017,KSP017,,1012,1106,2,361,2,,,,,梱包,,TRUE,,,,,,,1184,,2,,
1766,KSP-014,KSP014,,1009,1103,2,361,2,,,,,梱包,,TRUE,,,,,,,1181,,2,,
1767,KSP-035,KSP035,,1029,1127,2,361,2,,,,,梱包,,TRUE,,,,,,,1205,,2,,
1768,SPJ-014,SPJ014,,1840,2163,2,361,2,,,,,梱包,,TRUE,,,,,,,2234,,2,,
1769,TE-2-023-8,TE20238,,2163,2547,2,603,2,,,,,,,TRUE,,,,,,,2608,,2,,
1770,TE-4-157-3,TE41573,,2318,2758,2,361,2,,,,,梱包,,TRUE,,,,,,,2817,,2,,
1771,TE-9-011-5R,TE90115R,,4357,2925,2,361,2,,,,,梱包,,TRUE,,,,,,,2982,,2,,
1772,TE-5-141-0,TE51410,,2357,2803,2,361,2,,,,,梱包,,TRUE,,,,,,,2861,,2,,
1773,TE-4-159-6,TE41596,,2325,2765,2,361,2,,,,,梱包,,TRUE,,,,,,,2824,,2,,
1774,TE-3-054-5,TE30545,,2254,2681,2,361,2,,,,,梱包,,TRUE,,,,,,,2740,,2,,
1775,TE-3-157-3,TE31573,,2276,2709,2,361,2,,,,,梱包,,TRUE,,,,,,,2768,,2,,
1776,TE-4-159-6,TE41596,,2325,2765,2,361,2,,,,,梱包,,TRUE,,,,,,,2824,,2,,
1777,TE-4-159-7,TE41597,,2326,2766,2,361,2,,,,,梱包,,TRUE,,,,,,,2825,,2,,
1778,TE-4-159-4,TE41594,,2323,2763,2,361,2,,,,,梱包,,TRUE,,,,,,,2822,,2,,
1779,TE-4-159-4,TE41594,,2323,2763,2,361,2,,,,,梱包,,TRUE,,,,,,,2822,,2,,
1780,TE-4-159-3,TE41593,,2322,2762,2,361,2,,,,,梱包,,TRUE,,,,,,,2821,,2,,
1781,TE-4-159-3,TE41593,,2322,2762,2,361,2,,,,,梱包,,TRUE,,,,,,,2821,,2,,
1800,YGE-001,YGE001,,2750,3277,2,12,2,,,,,,,TRUE,,,,,,,3317,,2,,
1802,MPL-001,MPL001,,1248,1385,2,35,2,,,,,,,TRUE,,,,,,,1463,,2,,
1803,YCM-043,YCM043,,2721,3238,2,142,2,,,,,,,TRUE,,,,,,,3279,,2,,
1804,SSM-054R5,SSM054R5,,1925,2272,2,23,2,,,,,,,TRUE,,,,,,,2335,,2,,
1805,MZT-103,MZT103,,1334,1516,2,141,2,,,,,,,TRUE,,,,,,,1594,,2,,
1807,SSJ-014,SSJ014,,1866,2197,1,0,2,,,,,[旧RackLayer 702] 茨城工場,,TRUE,,,,,,,2266,,1,,
1808,SSJ-016,SSJ016,,1867,2202,1,0,2,,,,,[旧RackLayer 702] 茨城工場,,TRUE,,,,,,,2268,,1,,
1809,SSJ-018,SSJ018,,1868,2206,1,0,2,,,,,[旧RackLayer 702] 茨城工場,,TRUE,,,,,,,2270,,1,,
1810,ATS-026 No1,ATS026No1,,231,209,2,151,2,,,,,,,TRUE,143,,,,,,386,,2,,
1811,TE-7-050-8,TE70508,,2395,2850,2,140,2,,,,,指示書無,,TRUE,,,,,,,2908,,2,,
1813,MZT-NoName,MZTNoName,,1305,1550,2,140,2,,,,,,,TRUE,,,,,,,1628,,2,,
1814,TE-3-052-7,TE30527,,2253,2680,2,140,2,,,,,,,TRUE,,,,,,,2739,,2,,
1815,TE-3-161-4 No1,TE31614,,39,2718,2,280,2,,,,,2024.5.8 穴埋めて茨城工場へ,,TRUE,,,,,,,2777,,2,,
1816,TE-3-161-4 No2,TE31614,,39,2718,2,280,2,,,,,,,TRUE,,,,,,,2777,,2,,
1818,SEKYW-0006-1,SEKYW00061,,1694,1956,2,140,2,,,,,,,TRUE,,,,,,,2027,,2,,
1819,MZT-102,MZT102,,1333,1515,2,141,2,,,,,,,TRUE,,,,,,,1593,,2,,
1820,ORM-003,ORM003,,1596,1836,2,141,2,,,,,,,TRUE,,,,,,,1912,,2,,
1821,TE-3-054-5,TE30545,,2254,2681,2,143,2,,,,,,,TRUE,,,,,,,2740,,2,,
1822,YMS-001,YMS001,,2764,3294,2,143,2,,,,,,,TRUE,,,,,,,3334,,2,,
1823,DIC-091?,DIC091?,,348,340,2,143,2,,,,,,,TRUE,,,,,,,515,,2,,
1824,DIC-036,DIC036,,308,298,2,151,2,,,,,,,TRUE,,,,,,,473,,2,,
1825,TE-3-161-8 No1,TE31618,,2285,2722,2,280,2,,,,,,,TRUE,,,,,,,2781,,2,,
1826,TE-3-161-8 No2,TE31618,,2285,2722,2,280,2,,,,,,,TRUE,,,,,,,2781,,2,,
1827,DIM-014,DIM014,,412,412,2,142,2,,,,,,,TRUE,,返却済,3/12/2025,,,,584,,2,,
1828,JAE-289 R2,JAE289R2,,778,814,2,143,2,,,,,,,TRUE,254,,,,,,903,,2,,
1829,SSM-034S,SSM034S,,1905,2244,2,141,2,,,,,,,TRUE,,,,,,,2308,,2,,
1830,STF-007,STF007,,1938,2290,2,151,2,,,,,,,TRUE,,,,,,,2353,,2,,
1831,STF-002,STF002,,1934,2285,2,143,2,,,,,,,TRUE,,,,,,,2348,,2,,
1832,YKW-002,YKW002,,2757,3285,2,141,2,,,,,,,TRUE,,,,,,,3325,,2,,
1833,No Name-405x? SSJ?,NoName405x?SSJ?,,1453,1661,2,141,2,,,,,,,TRUE,,,,,,,1738,,2,,
1834,No Name-405x?,NoName405x?,,1453,1660,2,142,2,,,,,,,TRUE,,,,,,,1737,,2,,
1835,PNS-010 R3,PNS010R3,,1651,1904,2,142,2,,,,,,,TRUE,,,,,,,1978,,2,,
1837,TES-002,TES002,,2483,2967,2,720,2,,,,,,,TRUE,,,,,,,3023,,2,,
1838,KGM-002,KGM002,,902,960,2,141,2,,,,,,,TRUE,,,,,,,1039,,2,,
1839,No Name-299x?,NoName299x?,,1453,1657,2,142,2,,,,,,,TRUE,,,,,,,1734,,2,,
1840,TE-4-161-0 No3,TE41610,,2330,2770,1,0,2,,,,,茨城へR6.4.9 | [旧RackLayer 702] 茨城工場,,TRUE,,,,,,,2829,,1,,
1841,TE-4-161-0 No1,TE41610,,2330,2770,2,280,2,,,,,,,TRUE,,,,,,,2829,,2,,
1842,TE-4-161-0 No2,TE41610,,2330,2770,2,280,2,,,,,,,TRUE,,,,,,,2829,,2,,
1843,TE-4-161-2 No1,TE41612,,2331,2772,2,280,2,,,,,茨城へR6.4.9,,TRUE,,,,,,,2831,,2,,
1844,SZT-004,SZT004,,1957,2313,2,142,2,,,,,,,TRUE,,,,,,,2376,,2,,
1845,YSD-001,YSD001,,2785,3327,2,142,2,,,,,2/3,,TRUE,,,,,,,3367,,2,,
1846,YSD-001,YSD001,,2785,3327,2,142,2,,,,,3/3,,TRUE,,,,,,,3367,,2,,
1848,NKP-002,NKP002,,1442,1636,2,142,2,,,,,1/2,,TRUE,,,,,,,1713,,2,,
1849,NKP-002,NKP002,,1442,1636,2,142,2,,,,,2/2,,TRUE,,,,,,,1713,,2,,
1850,NSM-001,NSM001,,1508,1731,2,143,2,,,,,1/2,,TRUE,,,,,,,1807,,2,,
1851,NSM-001,NSM001,,1508,1731,2,143,2,,,,,2/2,,TRUE,,,,,,,1807,,2,,
1852,PNS-010,PNS010,,1651,1903,2,142,2,,,,,,,TRUE,,,,,,,1977,,2,,
1853,JAE-007,JAE007,,605,617,2,141,2,,,,,,,TRUE,,,,,,,710,,2,,
1854,JAE-008,JAE008,,606,618,2,141,2,,,,,,,TRUE,,,,,,,711,,2,,
1855,DIM-011,DIM011,,409,409,2,143,2,,,,,,,TRUE,,返却済,3/12/2025,,,,581,,2,,
1856,JAE-220 R1,JAE220R1,,713,747,2,143,2,,,,,1/2,,TRUE,,,,,,,838,,2,,
1857,JAE-220 R1,JAE220R1,,713,747,2,143,2,,,,,2/2,,TRUE,,,,,,,838,,2,,
1858,TE-4-161-2 No2,TE41612,,2331,2772,2,280,2,,,,,,,TRUE,,,,,,,2831,,2,,
1859,DIM-012,DIM012,,410,410,2,142,2,,,,,,,TRUE,,返却済,3/12/2025,,,,582,,2,,
1860,SSK-008,SSK008,,1876,2215,2,143,2,,,,,,,TRUE,,,,,,,2279,,2,,
1861,DIC-048,DIC048,,317,308,2,143,2,,,,,,,TRUE,,,,,,,483,,2,,
1862,DIC-047,DIC047,,316,307,2,143,2,,,,,,,TRUE,,,,,,,482,,2,,
1863,DIC-092,DIC092,,349,341,2,143,2,,,,,,,TRUE,,,,,,,516,,2,,
1864,JAE-147,JAE147,,660,688,2,142,2,,,,,,,TRUE,,,,,,,779,,2,,
1865,No Name,NoName,,1453,1647,2,144,2,,,,,,,TRUE,,,,,,,1724,,2,,
1866,JAE-158,JAE158,,668,697,2,142,2,,,,,,,TRUE,,,,,,,788,,2,,
1867,JAE-155,JAE155,,665,694,2,142,2,,,,,,,TRUE,,,,,,,785,,2,,
1868,JAE-156,JAE156,,666,695,2,142,2,,,,,,,TRUE,,,,,,,786,,2,,
1869,JAE-157,JAE157,,667,696,2,142,2,,,,,,,TRUE,,,,,,,787,,2,,
1870,JAE-148,JAE148,,661,689,2,142,2,,,,,,,TRUE,,,,,,,780,,2,,
1874,KGM-001,KGM001,,901,959,2,142,2,,,,,,,TRUE,,,,,,,1038,,2,,
1875,SSK-002,SSK002,,1871,2209,2,143,2,,,,,M1764,,TRUE,,,,,,,2273,,2,,
1876,NKP-001,NKP001,,1441,1635,2,142,2,,,,,,,TRUE,,,,,,,1712,,2,,
1878,YNK-007,YNK007,,2777,3316,2,145,2,,,,,,,TRUE,,,,,,,3356,,2,,
1879,No Name,NoName,,1453,1647,2,145,2,,,,,３面からバラ,,TRUE,,,,,,,1724,,2,,
1881,OGS-004,OGS004,,1555,1785,2,145,2,,,,,Test？,,TRUE,,,,,,,1861,,2,,
1882,No Name,NoName,,1453,1647,2,145,2,,,,,,,TRUE,,,,,,,1724,,2,,
1883,No Name,NoName,,1453,1647,2,145,2,,,,,,,TRUE,,,,,,,1724,,2,,
1885,ATS-020,ATS020,,226,204,1,0,2,,,,,[旧RackLayer 702] 茨城工場,,TRUE,,,,,,,381,,1,,
1886,MZT-083,MZT083,,1321,1503,2,150,2,,,,,,,TRUE,,,,,,,1581,,2,,
1887,MZT-082,MZT082,,1320,1502,2,150,2,,,,,,,TRUE,,,,,,,1580,,2,,
1888,MZT-105,MZT105,,1335,1517,2,150,2,,,,,,,TRUE,,,,,,,1595,,2,,
1889,JAE-211 R1,JAE211R1,,707,740,2,151,2,,,,,,,TRUE,,,,,,,831,,2,,
1890,STF-006,STF006,,1937,2289,2,152,2,,,,,,,TRUE,,,,,,,2352,,2,,
1891,MZT-080,MZT080,,1318,1500,2,152,2,,,,,,,TRUE,,,,,,,1578,,2,,
1892,TE-3-161-7,TE31617,,2284,2721,2,151,2,,,,,,,TRUE,,,,,,,2780,,2,,
1893,No Name-ストッパー,NoNameストッパー,,1453,1670,2,151,2,,,,,,,TRUE,,,,,,,1747,,2,,
1894,No Name-ダウンライト枠通箱トレイ,NoNameダウンライト枠通箱トレイ,,1453,1671,2,151,2,,,,,,,TRUE,,,,,,,1748,,2,,
1896,TE-5-052-0,TE50520,,2334,2776,1,0,2,,,,,151？ | [旧RackLayer 702] 茨城工場,,TRUE,,,,,,,2835,,1,,
1897,No Name,NoName,,1453,1647,2,151,2,,,,,,,TRUE,,,,,,,1724,,2,,
1898,YKW-006,YKW006,,2761,3289,2,152,2,,,,,,,TRUE,,,,,,,3329,,2,,
1899,MZT-078,MZT078,,1317,1498,2,152,2,,,,,,,TRUE,,,,,,,1576,,2,,
1900,YKW-004,YKW004,,2759,3287,2,152,2,,,,,,,TRUE,,,,,,,3327,,2,,
1901,SJI-019,SJI019,,1743,2015,2,151,2,,,,,,,TRUE,,,,,,,2086,,2,,
1902,SJI-020,SJI020,,1744,2016,2,151,2,,,,,,,TRUE,,,,,,,2087,,2,,
1903,No Name-SSJ?,NoNameSSJ?,,1453,1669,2,152,2,,,,,,,TRUE,,,,,,,1746,,2,,
1904,DIM-017,DIM017,,415,415,2,152,2,,,,,,,TRUE,,,,,,,587,,2,,
1905,DIM-015,DIM015,,413,413,2,152,2,,,,,,,TRUE,,,,,,,585,,2,,
1906,TPS-001,TPS001,,2646,3153,,704,2,,,,,,,TRUE,,,,廃棄済,12/15/2025,,3194,廃棄済,,,
1907,TE-1-096-2,TE10962,,2108,2479,2,152,2,,,,,注文書見つからない,,TRUE,,,,,,,2540,,2,,
1908,TE-9-098-8,TE90988,,2461,2935,2,152,2,,,,,指示書無,,TRUE,,,,,,,2992,,2,,
1909,TE-1-074-8,TE10748,,2106,2476,2,151,2,,,,,,,TRUE,,,,,,,2537,,2,,
1910,TE-5-052-1,TE50521,,2335,2778,2,152,2,,,,,,,TRUE,,,,,,,2836,,2,,
1913,TE-7-050-7,TE70507,,2394,2849,2,153,2,,,,,指示書無,,TRUE,,,,,,,2907,,2,,
1914,TE-1-162-3,TE11623,,2139,2518,2,153,2,,,,,,,TRUE,,,,,,,2579,,2,,
1915,RCH-002,RCH002,,1665,1919,2,151,2,,,,,1/2,,TRUE,,,,,,,1991,,2,,
1916,TPS-002,TPS002,,2647,3154,,704,2,,,,,,,TRUE,,,,廃棄済,12/15/2025,,3195,廃棄済,,,
1917,TE-3-161-6 NO1,TE31616NO1,,2283,2720,2,153,2,,,,,,InUse,TRUE,,,,,,,2779,,2,,
1918,TE-3-161-6 NO2,TE31616NO2,,2283,2720,2,153,2,,,,,,,TRUE,,,,,,,2779,,2,,
1919,TE-3-161-6 NO3,TE31616NO3,,2283,2720,2,153,2,,,,,,,TRUE,,,,,,,2779,,2,,
1920,SSK-005,SSK005,,1874,2212,2,153,2,,,,,,,TRUE,,,,,,,2276,,2,,
1921,No Name-D?,NoNameD?,,1453,1666,2,153,2,,,,,,,TRUE,,,,,,,1743,,2,,
1922,TE-3-141-4,TE31414,,2271,2704,2,153,2,,,,,日三化成,,TRUE,,,,,,,2763,,2,,
1923,SSK-004,SSK004,,1873,2211,2,154,2,,,,,M1769Aミナル？,,TRUE,,,,,,,2275,,2,,
1924,No Name,NoName,,1453,1647,2,154,2,,,,,,,TRUE,,,,,,,1724,,2,,
1925,SSK-003,SSK003,,1872,2210,2,154,2,,,,,M176,,TRUE,,,,,,,2274,,2,,
1926,YKW-008,YKW008,,2762,3292,2,154,2,,,,,,,TRUE,,,,,,,3332,,2,,
1927,MYS-003,MYS003,,1303,1470,2,154,2,,,,,,,TRUE,,,,,,,1548,,2,,
1928,DIM-007,DIM007,,405,404,2,154,2,,,,,,,TRUE,,,,,,,577,,2,,
1929,DIM-006,DIM006,,404,403,2,154,2,,,,,,,TRUE,,,,,,,576,,2,,
1930,DIM-008,DIM008,,406,405,2,154,2,,,,,,,TRUE,,,,,,,578,,2,,
1931,DIM-009,DIM009,,407,406,2,154,2,,,,,,,TRUE,,,,,,,579,,2,,
1932,No Name,NoName,,1453,1647,2,155,2,,,,,,,TRUE,,,,,,,1724,,2,,
1933,ARK-001,ARK001,,201,176,2,161,2,,,,,2/2,,TRUE,,,,,,,353,,2,,
1935,CL-001,CL001,,264,247,2,161,2,,,,,,,TRUE,,,,,,,423,,2,,
1936,No Name-570x380x(35),NoName570x380x(35),,1453,1665,2,161,2,,,,,,,TRUE,,,,,,,1742,,2,,
1937,GMY-087,GMY087,,524,542,2,281,2,,,,,台湾機,,TRUE,,,,,,,635,,2,,
1938,ARK-002,ARK002,,202,177,2,161,2,,,,,2/2,,TRUE,,,,,,,354,,2,,
1939,No Name-385x265x(40),NoName385x265x(40),,1453,1659,2,161,2,,,,,,,TRUE,,,,,,,1736,,2,,
1940,TOW-001,TOW001,,2642,3149,2,161,2,,,,,,,TRUE,,,,,,,3190,,2,,
1941,YCM-028,YCM028,,2708,3224,2,281,2,,,,,161？281？,,TRUE,,,,,,,3265,,2,,
1943,TJS-003,TJS003,,2556,3047,2,161,2,,,,,,,TRUE,,,,,,,3088,,2,,
1945,CSM-001,CSM001,,274,259,2,161,2,,,,,,,TRUE,,,,,,,435,,2,,
1946,No Name-540x420x(40),NoName540x420x(40),,1453,1664,2,162,2,,,,,,,TRUE,,,,,,,1741,,2,,
1947,No Name-540x420x(40),NoName540x420x(40),,1453,1664,2,162,2,,,,,,,TRUE,,,,,,,1741,,2,,
1948,JAE-132,JAE132,,654,681,,704,2,,,,,,,TRUE,,,,廃棄済,3/23/2026,,772,廃棄済,,,
1949,JAE-226 R2,JAE226R2,,719,753,2,163,2,,,,,,,TRUE,,,,,,,844,,2,,
1950,TIH-013,TIH013,,2527,3017,2,162,2,,,,,,,TRUE,,,,,,,3071,,2,,
1951,SZT-002,SZT002,,1954,2309,2,162,2,,,,,,,TRUE,,,,,,,2372,,2,,
1952,OOT-025,OOT025,,1578,1816,2,163,2,,,,,,,TRUE,,,,,,,1892,,2,,
1954,STP-001,STP001,,1944,2298,2,163,2,,,,,,,TRUE,,,,,,,2361,,2,,
1955,ALP-002,ALP002,,164,134,2,163,2,,,,,,,TRUE,,,,,,,312,,2,,
1956,JAE-223 R3,JAE223R3,,716,750,2,162,2,,,,,,,TRUE,,,,,,,841,,2,,
1957,JAE-225,JAE225,,718,752,2,163,2,,,,,,,TRUE,,,,,,,843,,2,,
1958,JAE-227 R2,JAE227R2,,720,754,2,163,2,,,,,,,TRUE,,,,,,,845,,2,,
1959,MYS-003,MYS003,,1303,1470,2,164,2,,,,,,,TRUE,,,,,,,1548,,2,,
1960,JAE-113 R8 74H,JAE113R874H,,643,667,2,164,2,,,,,,,TRUE,,,,,,,759,,2,,
1961,No Name-200x560,NoName200x560,,1453,1655,2,164,2,,,,,２ケ,,TRUE,,,,,,,1732,,2,,
1962,SZT-007B,SZT007B,,1959,2315,2,164,2,,,,,,,TRUE,,,,,,,2378,,2,,
1963,SZT-007B,SZT007B,,1959,2315,2,164,2,,,,,,,TRUE,,,,,,,2378,,2,,
1964,YOK-003,YOK003,,2779,3319,2,164,2,,,,,,,TRUE,,,,,,,3359,,2,,
1965,OOT-015,OOT015,,1571,1807,2,164,2,,,,,,,TRUE,,,,,,,1883,,2,,
1966,TE-8-135-1,TE81351,,2443,2908,2,164,2,,,,,,,TRUE,,,,,,,2966,,2,,
1967,TE-7-162-1,TE71621,,2421,2884,2,164,2,,,,,,,TRUE,,,,,,,2942,,2,,
1968,TE-003,TE003,,2035,2397,2,164,2,,,,,,,TRUE,,,,,,,2459,,2,,
1969,No Name-M-S -> 385x265,NoNameMS>385x265,,1453,1667,2,164,2,,,,,,,TRUE,,,,,,,1744,,2,,
1970,RCH-002,RCH002,,1665,1919,2,165,2,,,,,2/2,,TRUE,,,,,,,1991,,2,,
1971,No Name-200x,NoName200x,,1453,1654,2,165,2,,,,,,,TRUE,,,,,,,1731,,2,,
1972,TE-912160-6,TE9121606,,2008,2936,2,165,2,,,,,,,TRUE,,,,,,,2993,,2,,
1973,No Name-175x340,NoName175x340,,1453,1653,2,165,2,,,,,,,TRUE,,,,,,,1730,,2,,
1974,TE-7-127-2,TE71272,,2404,2861,2,165,2,,,,,20150225,,TRUE,,,,,,,2919,,2,,
1975,No Name-147x,NoName147x,,1453,1652,2,166,2,,,,,,,TRUE,,,,,,,1729,,2,,
1976,STD-004,STD004,,1931,2279,2,166,2,,,,,,,TRUE,,,,,,,2342,,2,,
1977,GMY-087,GMY087,,524,542,2,281,2,,,,,台湾機,,TRUE,,,,,,,635,,2,,
1978,JAE-035 Plug,JAE035Plug,,617,3618,2,166,3,,,,,,,FALSE,,,,,,,3641,,2,,
1980,NPK-test?,NPKtest?,,1461,1681,2,166,2,,,,,,,TRUE,,,,,,,1757,,2,,
1981,GMY-087,GMY087,,524,542,2,281,2,,,,,普通,,TRUE,,,,,,,635,,2,,
1982,OOT-001,OOT001,,1566,1797,2,166,2,,,,,,,TRUE,,,,,,,1873,,2,,
1983,OOT-001,OOT001,,1566,1797,2,166,2,,,,,,,TRUE,,,,,,,1873,,2,,
1984,TE-9-079-0,TE90790,,2458,2932,2,171,2,,,,,指示書無,,TRUE,,,,,,,2989,,2,,
1985,JAE-267,JAE267,,757,791,3,0,2,,,,,[旧RackLayer 703] 坂田精文堂,,TRUE,232,,,,,,882,,3,,
1986,JAE-208 R3,JAE208R3,,704,737,2,171,2,,,,,,,TRUE,,,,,,,828,,2,,
1987,DIM-005,DIM005,,403,402,2,171,2,,,,,,,TRUE,,,,,,,575,,2,,
1988,TOK-018,TOK018,,2641,3148,2,171,2,,,,,,,TRUE,,,,,,,3189,,2,,
1989,MZT-113,MZT113,,1343,1527,2,171,2,,,,,,,TRUE,,,,,,,1605,,2,,
1990,TIH-001,TIH001,,2518,3004,2,171,2,,,,,2/2,,TRUE,,,,,,,3058,,2,,
1991,K-23,K23,,819,868,2,171,2,,,,,,,TRUE,,,,,,,948,,2,,
1992,TOK-008,TOK008,,2631,3136,2,171,2,,,,,,,TRUE,,,,,,,3177,,2,,
1993,TOK-005,TOK005,,2628,3133,2,171,2,,,,,,,TRUE,,,,,,,3174,,2,,
1994,MZT-118,MZT118,,1348,1532,2,171,2,,,,,,,TRUE,,,,,,,1610,,2,,
1995,MZT-114,MZT114,,1344,1528,2,171,2,,,,,,,TRUE,,,,,,,1606,,2,,
1996,MZT-117,MZT117,,1347,1531,2,171,2,,,,,,,TRUE,,,,,,,1609,,2,,
1997,TE-9-072-1,TE90721,,2455,2929,2,172,2,,,,,,,TRUE,,,,,,,2986,,2,,
1998,TE-9-062-0,TE90620,,2454,2928,2,172,2,,,,,,,TRUE,,,,,,,2985,,2,,
1999,TE-9-130-0,TE91300,,2468,2943,2,172,2,,,,,,,TRUE,,,,,,,3000,,2,,
2000,TE-9-129-6,TE91296,,2467,2942,2,172,2,,,,,,,TRUE,,,,,,,2999,,2,,
2001,TE-8-110-9,TE81109,,59,2897,1,0,2,,,,,[旧RackLayer 702] 茨城工場,,TRUE,,,,,,,2955,,1,,
2002,TE-97-25175,TE9725175,,2475,2958,2,172,2,,,,,,,TRUE,,,,,,,3014,,2,,
2003,TE-9-079-4,TE90794,,2460,2934,2,172,2,,,,,指示書無,,TRUE,,,,,,,2991,,2,,
2004,TE-9-142-0,TE91420,,2469,2945,2,172,2,,,,,,,TRUE,,,,,,,3002,,2,,
2005,TE-9-079-3,TE90793,,2459,2933,2,172,2,,,,,指示書無,,TRUE,,,,,,,2990,,2,,
2006,TE-8-127-4,TE81274,,2436,2901,2,172,2,,,,,,,TRUE,,,,,,,2959,,2,,
2007,TE-8-050-2,TE80502,,2423,2887,2,172,2,,,,,指示書無,,TRUE,,,,,,,2945,,2,,
2010,DIS-001,DIS001,,419,420,2,172,2,,,,,,,TRUE,,,,,,,592,,2,,
2011,TE-9-156-1R,TE91561R,,67,2948,2,172,2,,,,,,,TRUE,,,,,,,3005,,2,,
2012,TOK-009,TOK009,,2632,3137,2,172,2,,,,,,,TRUE,,,,,,,3178,,2,,
2013,TE-9-127-8,TE91278,,2464,2939,2,172,2,,,,,,,TRUE,,,,,,,2996,,2,,
2014,ODS-042,ODS042,,1540,1766,2,614,2,,,,,,,TRUE,,,,,,,1842,,2,,
2015,SMK-183,SMK183,,1810,2126,2,173,2,,,,,,,TRUE,,,,,,,2197,,2,,
2016,TE-7-069-9,TE70699,,2398,2854,2,173,2,,,,,指示書無,,TRUE,,,,,,,2912,,2,,
2017,TE-9-129-5,TE91295,,2466,2941,2,173,2,,,,,,,TRUE,,,,,,,2998,,2,,
2018,TE-7-076-9,TE70769,,49,2857,2,173,2,,,,,指示書無,,TRUE,,,,,,,2915,,2,,
2019,TE-7-057-9,TE70579,,2397,2852,2,173,2,,,,,,,TRUE,,,,,,,2910,,2,,
2020,TE-7-127-1,TE71271,,2403,2860,2,173,2,,,,,20150225,,TRUE,,,,,,,2918,,2,,
2021,TE-8-056-2,TE80562,,2425,2889,2,173,2,,,,,,,TRUE,,,,,,,2947,,2,,
2022,TE-8-127-2,TE81272,,2435,2900,2,173,2,,,,,,,TRUE,,,,,,,2958,,2,,
2023,TE-7-127-8 R,TE71278R,,4358,2867,2,173,2,,,,,,,TRUE,,,,,,,2925,,2,,
2024,TE-8-071-9,TE80719,,2426,2890,2,173,2,,,,,,,TRUE,,,,,,,2948,,2,,
2025,TE-002,TE002,,2016,2377,2,173,2,,,,,,,TRUE,,,,,,,2439,,2,,
2026,TE-8-161-5,TE81615,,4307,2914,2,173,2,,,,,坂田精文堂・図面確認依頼,,TRUE,,,,,,,2972,,2,,
2027,TE-6-050-3,TE60503,,2366,2813,2,173,2,,,,,指示書無,InUse,TRUE,,,,,,,2871,,2,,
2028,TE-7-993-3,TE79933,,2422,2886,2,174,2,,,,,7-936993-3？,,TRUE,,,,,,,2944,,2,,
2029,TE-8-127-5,TE81275,,2437,2902,2,174,2,,,,,,,TRUE,,,,,,,2960,,2,,
2030,TE-8-127-0,TE81270,,2433,2898,2,174,2,,,,,,,TRUE,,,,,,,2956,,2,,
2031,TE-8-074-5,TE80745,,2428,2892,2,174,2,,,,,,,TRUE,,,,,,,2950,,2,,
2032,TE-8-162-5R1,TE81625R1,,2450,2923,2,174,2,,,,,PP,,TRUE,,,,,,,2980,,2,,
2033,TE-8-127-6,TE81276,,2438,2903,2,174,2,,,,,,,TRUE,,,,,,,2961,,2,,
2034,TE-7-127-9,TE71279,,2409,2870,2,174,2,,,,,,,TRUE,,,,,,,2928,,2,,
2035,TE-8-127-8,TE81278,,2439,2904,2,174,2,,,,,初回,,TRUE,,,,,,,2962,,2,,
2036,TE-9-127-6,TE91276,,2463,2938,2,174,2,,,,,,,TRUE,,,,,,,2995,,2,,
2037,TE-8-130-0,TE81300,,2441,2906,2,174,2,,,,,,,TRUE,,,,,,,2964,,2,,
2038,TE-8-103-3,TE81033,,2431,2895,2,174,2,,,,,,,TRUE,,,,,,,2953,,2,,
2039,TE-8-130-5,TE81305,,2442,2907,2,174,2,,,,,,,TRUE,,,,,,,2965,,2,,
2040,TE-8-161-5,TE81615,,4307,2914,2,174,2,,,,,,,TRUE,,,,,,,2972,,2,,
2041,TE-8-162-1,TE81621,,2447,2917,2,174,2,,,,,,,TRUE,,,,,,,2975,,2,,
2042,DHA-002,DHA002,,288,273,2,174,2,,,,,,,TRUE,,,,,,,449,,2,,
2043,TE-7-127-6,TE71276,,2406,2863,2,174,2,,,,,20220908,,TRUE,,,,,,,2921,,2,,
2044,AAT-004B,AAT004B,,76,19,2,174,2,,,,,,,TRUE,,,,,,,120,,2,,
2046,APE-002,APE002,,195,169,2,176,2,,,,,,,TRUE,,,,,,,347,,2,,
2048,SCP-001,SCP001,,1688,1948,2,176,2,,,,,,,TRUE,,,,,,,2019,,2,,
2050,NPR-002,NPR002,,1463,1683,2,176,2,,,,,,,TRUE,,,,,,,1759,,2,,
2051,MDS-005,MDS005,,1204,1342,2,176,2,,,,,,,TRUE,,,,,,,1420,,2,,
2052,SMK-146,SMK146,,1805,2117,2,176,2,,,,,,,TRUE,481,,,,,,2188,,2,,
2053,SMK-203,SMK203,,1816,2135,2,176,2,,,,,,,TRUE,,,,,,,2206,,2,,
2054,YMT-005,YMT005,,2772,3311,2,176,2,,,,,,,TRUE,,,,,,,3351,,2,,
2055,SMK-188,SMK188,,1812,2130,,704,2,,,,,,,TRUE,,,,廃棄済,5/8/2025,,2201,廃棄済,,,
2056,SMK-178,SMK178,,1808,2124,2,176,2,,,,,,,TRUE,,,,,,,2195,,2,,
2057,SMK-171,SMK171,,1807,2123,2,176,2,,,,,,,TRUE,,,,,,,2194,,2,,
2058,SMK-211,SMK211,,1821,2140,2,176,2,,,,,,,TRUE,,,,,,,2211,,2,,
2059,SMK-094,SMK094,,1803,2106,2,176,2,,,,,,,TRUE,,,,,,,2177,,2,,
2060,SMK-149,SMK149,,1806,2118,2,176,2,,,,,,,TRUE,,,,,,,2189,,2,,
2062,SSI-001,SSI001,,1863,2190,2,176,2,,,,,,,TRUE,,,,,,,2261,,2,,
2063,SSI-002,SSI002,,1864,2191,2,176,2,,,,,,,TRUE,,,,,,,2262,,2,,
2064,TE-5-142-3,TE51423,,2358,2804,2,176,2,,,,,金型破壊,,TRUE,,,,,,,2862,,2,,
2065,TE-5-156-2,TE51562,,2360,2806,2,176,2,,,,,,,TRUE,,,,,,,2864,,2,,
2066,SMK-205,SMK205,,1818,2137,2,176,2,,,,,,,TRUE,486,,,,,,2208,,2,,
2067,16POCKETS,NoName10POCKETS,,1453,1651,2,176,2,,,,,,,TRUE,,,,,,,1728,,2,,
2068,TE-7-130-8,TE71308,,2412,2874,2,176,2,,,,,使用禁止,,TRUE,,,,,,,2932,,2,,
2070,TEP-005,TEP005,,2481,2964,2,176,2,,,,,,,TRUE,,,,,,,3020,,2,,
2072,TNG-001,TNG001,,2605,3109,2,176,2,,,,,,,TRUE,,,,,,,3150,,2,,
2073,FDK-006,FDK006,,499,511,2,176,2,,,,,,,TRUE,,,,,,,276,,2,,
2075,THK-007,THK007,,2506,2992,2,282,2,,,,,,,TRUE,,,,,,,3046,,2,,
2076,THK-006,THK006,,2505,2991,2,282,2,,,,,,,TRUE,,,,,,,3045,,2,,
2077,THK-002,THK002,,2501,2987,2,282,2,,,,,,,TRUE,,,,,,,3041,,2,,
2078,THK-003,THK003,,2502,2988,2,282,2,,,,,,,TRUE,,,,,,,3042,,2,,
2079,THK-008,THK008,,2507,2993,2,282,2,,,,,,,TRUE,,,,,,,3047,,2,,
2080,THK-001,THK001,,2500,2986,2,282,2,,,,,,,TRUE,,,,,,,3040,,2,,
2081,THK-005,THK005,,2504,2990,2,282,2,,,,,,,TRUE,,,,,,,3044,,2,,
2082,THK-004,THK004,,2503,2989,2,282,2,,,,,,,TRUE,,,,,,,3043,,2,,
2083,YMT-007,YMT007,,2774,3313,2,181,2,,,,,,,TRUE,,,,,,,3353,,2,,
2085,AKR-001,AKR001,,147,116,2,181,2,,,,,,,TRUE,,,,,,,294,,2,,
2087,IZK-001,IZK001,,597,606,2,181,2,,,,,,,TRUE,,,,,,,699,,2,,
2088,MNM-003,MNM003,,1241,1379,2,292,2,,,,,,,TRUE,,,,,,,1457,,2,,
2089,YSM-041,YSM041,,2894,3463,2,293,2,,,,,,,TRUE,,,,,,,3502,,2,,
2090,TCB-005,TCB005,,1994,2352,2,181,2,,,,,,,TRUE,,,,,,,2415,,2,,
2092,LSK-003,LSK003,,1190,1327,2,181,2,,,,,,,TRUE,,,,,,,1405,,2,,
2093,TIH-017,TIH017,,4441,3021,2,181,2,,,,,,,TRUE,,,,,,,3075,,2,,
2095,SGK-001,SGK001,,1702,1966,2,181,2,,,,,,,TRUE,,,,,,,2037,,2,,
2096,APE-001,APE001,,194,168,2,181,2,,,,,,,TRUE,,,,,,,346,,2,,
2097,RCH-001,RCH001,,1664,1918,2,181,2,,,,,,,TRUE,,,,,,,1990,,2,,
2098,MNM-001,MNM001,,1239,1377,2,292,2,,,,,,,TRUE,,,,,,,1455,,2,,
2099,MTE-001,MTE001,,1273,1414,2,181,2,,,,,,,TRUE,,,,,,,1492,,2,,
2101,QAS-002,QAS002,,1659,1913,2,182,2,,,,,,,TRUE,,,,,,,1985,,2,,
2103,SJK-006,SJK006,,1749,2022,2,182,2,,,,,,,TRUE,,,,,,,2093,,2,,
2104,SJK-007,SJK007,,1750,2023,2,182,2,,,,,,,TRUE,,,,,,,2094,,2,,
2105,SJK-008,SJK008,,1751,2024,2,0,2,,,,,[旧RackLayer 705] 出荷・返却済,,TRUE,,返却済,2/24/2026,,,,2095,返却済,2,,
2106,SJK-004,SJK004,,1747,2020,2,182,2,,,,,,,TRUE,,,,,,,2091,,2,,
2108,LKS-007,LKS007,,1174,1308,2,182,2,,,,,,,TRUE,,,,,,,1386,,2,,
2109,SGK-2-001,SGK2001,,1705,1969,2,182,2,,,,,,,TRUE,,,,,,,2040,,2,,
2110,TIH-012,TIH012,,2526,3016,2,182,2,,,,,,,TRUE,,,,,,,3070,,2,,
2111,QAS-004,QAS004,,1661,1915,2,182,2,,,,,,,TRUE,,,,,,,1987,,2,,
2113,KKC-001,KKC001,,914,981,2,182,2,,,,,,,TRUE,,,,,,,1060,,2,,
2115,YZW-001,YZW001,,2920,3490,2,182,2,,,,,,,TRUE,,,,,,,3529,,2,,
2116,NML-001,NML001,,1443,1637,2,182,2,,,,,,,TRUE,,,,,,,1714,,2,,
2118,SES-005,SES005,,1698,1961,2,182,2,,,,,,,TRUE,,,,,,,2032,,2,,
2119,HTK-001,HTK001,,578,583,2,182,2,,,,,,,TRUE,,,,,,,676,,2,,
2120,NPR-002,NPR002,,1463,1683,2,182,2,,,,,,,TRUE,,,,,,,1759,,2,,
2121,ADY-099T,ADY099T,,125,90,3,0,2,,,,,[旧RackLayer 703] 坂田精文堂,,TRUE,,,,,,,191,,3,,
2122,ADY-099B,ADY099B,,125,89,3,0,2,,,,,[旧RackLayer 703] 坂田精文堂,,TRUE,115,,,,,,190,,3,,
2123,ADY-096,ADY096,,122,85,2,182,2,,,,,,,TRUE,,,,,,,186,,2,,
2125,SWN-001,SWN001,,1949,2304,2,183,2,,,,,,,TRUE,,,,,,,2367,,2,,
2126,SES-002,SES002,,1696,1958,2,183,2,,,,,,,TRUE,,,,,,,2029,,2,,
2128,SE-53Z,SE53Z,,1693,1955,2,183,2,,,,,,,TRUE,,,,,,,2026,,2,,
2129,OIK-001,OIK001,,1558,1788,2,183,2,,,,,,,TRUE,,,,,,,1864,,2,,
2130,SES-004,SES004,,1697,1960,2,183,2,,,,,,,TRUE,,,,,,,2031,,2,,
2131,TNX-009,TNX009,,2611,3116,2,183,2,,,,,坂田精文堂・図面確認依頼,,TRUE,,,,,,,3157,,2,,
2133,TM-F,TMF,,2604,3108,2,183,2,,,,,,,TRUE,,,,,,,3149,,2,,
2134,KIK-005D,KIK005D,,911,976,2,183,2,,,,,,,TRUE,,,,,,,1055,,2,,
2135,AZK-001,AZK001,,244,226,2,183,2,,,,,,,TRUE,,,,,,,402,,2,,
2136,SJK-010,SJK010,,1753,2026,6,0,2,,,,,[旧RackLayer 705] 出荷・返却済,,TRUE,,返却済,2/24/2026,,,,2097,返却済,6,,
2137,SJK-011,SJK011,,1754,2027,2,183,2,,,,,,,TRUE,,,,,,,2098,,2,,
2138,SJK-012,SJK012,,1755,2028,2,183,2,,,,,,,TRUE,,,,,,,2099,,2,,
2139,YMT-003,YMT003,,2770,3309,2,183,2,,,,,,,TRUE,,,,,,,3349,,2,,
2140,YMT-004,YMT004,,2771,3310,2,183,2,,,,,,,TRUE,,,,,,,3350,,2,,
2141,YSM-034,YSM034,,2887,3456,2,0,2,,,,,183？,,TRUE,,,,,,,3495,,2,,
2142,KOS-003,KOS003,,947,1016,2,183,2,,,,,,,TRUE,,,,,,,1095,,2,,
2143,YMT-002,YMT002,,2769,3308,2,183,2,,,,,,,TRUE,,,,,,,3348,,2,,
2144,NML-006,NML006,,1449,1643,2,183,2,,,,,,,TRUE,,,,,,,1720,,2,,
2145,TIH-002,TIH002,,2519,3005,2,183,2,,,,,,,TRUE,,,,,,,3059,,2,,
2146,MTM-106,MTM106,,1280,1430,2,0,2,,,,,291？,,TRUE,,,,,,,1508,,2,,
2147,SWJ-006,SWJ006,,1946,2301,2,183,2,,,,,,,TRUE,,,,,,,2364,,2,,
2148,SWJ-008,SWJ008,,1947,2302,2,183,2,,,,,,,TRUE,,,,,,,2365,,2,,
2149,KOR-010,KOR010,,943,1012,2,184,2,,,,,SE568,,TRUE,,,,,,,1091,,2,,
2150,BMI-002,BMI002,,246,229,2,184,2,,,,,,,TRUE,,,,,,,405,,2,,
2151,SFI-001,SFI001,,1700,1963,2,184,2,,,,,SEI?,,TRUE,,,,,,,2034,,2,,
2153,NCD-001,NCD001,,1368,1554,2,704,2,,,,,,,TRUE,,,,廃棄済,8/28/2025,,1632,廃棄済,2,,
2154,QAS-005,QAS005,,1662,1916,2,184,2,,,,,,,TRUE,,,,,,,1988,,2,,
2155,SSK-001,SSK001,,1870,2208,2,184,2,,,,,,,TRUE,,,,,,,2272,,2,,
2156,NML-008,NML008,,1451,1645,2,184,2,,,,,,,TRUE,,,,,,,1722,,2,,
2157,SKS-013,SKS013,,1787,2071,2,184,2,,,,,,,TRUE,,,,,,,2142,,2,,
2158,NML-002,NML002,,1445,1639,2,184,2,,,,,,,TRUE,,,,,,,1716,,2,,
2159,NML-003,NML003,,1446,1640,2,184,2,,,,,,,TRUE,,,,,,,1717,,2,,
2160,NML-004,NML004,,1447,1641,2,184,2,,,,,,,TRUE,,,,,,,1718,,2,,
2161,NML-005,NML005,,1448,1642,2,184,2,,,,,,,TRUE,,,,,,,1719,,2,,
2162,KIK-005B,KIK005B,,911,977,2,184,2,,,,,,,TRUE,,,,,,,1056,,2,,
2163,KIK-005T,KIK005T,,911,978,2,184,2,,,,,,,TRUE,,,,,,,1057,,2,,
2164,ASH-001,ASH001,,205,181,2,184,2,,,,,,,TRUE,,,,,,,358,,2,,
2165,YES-002,YES002,,2746,3273,2,184,2,,,,,,,TRUE,,,,,,,3313,,2,,
2166,TKS-021,TKS021,,2595,3096,2,184,2,,,,,,,TRUE,,,,,,,3137,,2,,
2167,JPS-001,JPS001,,816,863,2,184,2,,,,,,,TRUE,,,,,,,943,,2,,
2168,YMT-001,YMT001,,2768,3307,2,184,2,,,,,,,TRUE,,,,,,,3347,,2,,
2169,QSK-001　,QSK001,,1663,1917,2,184,2,,,,,（QAS-001？）,,TRUE,,,,,,,1989,,2,,
2170,YCM-023,YCM023,,2704,3219,2,281,2,,,,,,,TRUE,,,,,,,3260,,2,,
2171,TIH-006,TIH006,,2522,3009,2,184,2,,,,,,,TRUE,,,,,,,3063,,2,,
2172,SJK-002,SJK002,,1746,2019,2,184,2,,,,,,,TRUE,,,,,,,2090,,2,,
2173,SJK-005,SJK005,,1748,2021,2,184,2,,,,,,,TRUE,,,,,,,2092,,2,,
2174,SJK-009,SJK009,,1752,2025,2,184,2,,,,,,,TRUE,,,,,,,2096,,2,,
2175,SG-001,SG001,,1701,1964,2,184,2,,,,,,,TRUE,,,,,,,2035,,2,,
2176,TIH-003,TIH003,,2520,3006,2,624,2,,,,,,,TRUE,,,,,,,3060,,2,,
2177,YMT-006,YMT006,,2773,3312,2,184,2,,,,,,,TRUE,,,,,,,3352,,2,,
2178,SMK-209,SMK209,,1820,2139,2,704,2,,,,,,,TRUE,,,,廃棄済,12/8/2025,,2210,廃棄済,2,,
2179,SMK-204,SMK204,,1817,2136,2,186,2,,,,,,,TRUE,,,,,,,2207,,2,,
2180,TEP-004,TEP004,,2480,2963,2,186,2,,,,,,,TRUE,,,,,,,3019,,2,,
2181,TEP-002,TEP002,,2478,2961,2,186,2,,,,,,,TRUE,,,,,,,3017,,2,,
2182,TH-010,TH010,,4440,3569,,704,2,,,,,廃棄済2024.3.27,,TRUE,,,,,,,3601,廃棄済,,,
2183,YES-001,YES001,,2745,3272,2,186,2,,,,,,,TRUE,,,,,,,3312,,2,,
2184,TEP-006,TEP006,,2482,2965,2,186,2,,,,,,,TRUE,,,,,,,3021,,2,,
2186,SNK-001,SNK001,,1829,2149,2,186,2,,,,,,,TRUE,,,,,,,2220,,2,,
2187,LKS-004,LKS004,,1171,1305,2,186,2,,,,,,,TRUE,,,,,,,1383,,2,,
2188,YMT-008,YMT008,,2775,3314,2,186,2,,,,,,,TRUE,,,,,,,3354,,2,,
2189,NPR-003,NPR003,,1464,1684,2,186,2,,,,,,,TRUE,,,,,,,1760,,2,,
2190,UTD-001,UTD001,,2669,3177,2,186,2,,,,,,,TRUE,,,,,,,3218,,2,,
2191,TEP-001,TEP001,,2477,2960,2,186,2,,,,,,,TRUE,,,,,,,3016,,2,,
2192,TEP-003,TEP003,,2479,2962,2,186,2,,,,,,,TRUE,,,,,,,3018,,2,,
2194,KMR-002,KMR002,,921,989,2,186,2,,,,,,,TRUE,,,,,,,1068,,2,,
2195,KOS-016,KOS016,,959,1029,2,186,2,,,,,,,TRUE,,,,,,,1107,,2,,
2196,STD-006,STD006,,1933,2281,2,186,2,,,,,,,TRUE,,,,,,,2344,,2,,
2197,SGK-006R2,SGK006R2,,1703,1967,2,186,2,,,,,,,TRUE,,,,,,,2038,,2,,
2198,No Name-45x347x,NoName45x347x,,1453,1662,2,186,2,,,,,,,TRUE,,,,,,,1739,,2,,
2199,KWE-001,KWE001,,1159,1289,2,186,2,,,,,,,TRUE,,,,,,,1367,,2,,
2200,LDV-001,LDV001,,1168,1300,2,186,2,,,,,,,TRUE,,,,,,,1378,,2,,
2201,MZT-130,MZT130,,1351,1535,2,132,2,,,,,,,TRUE,,,,,,,1613,,2,,
2202,MZT-136,MZT136,,1357,1541,2,132,2,,,,,,,TRUE,,,,,,,1619,,2,,
2203,MZT-074,MZT074,,1316,1497,2,132,2,,,,,,,TRUE,,,,,,,1575,,2,,
2204,MZT-086,MZT086,,1323,1505,2,132,2,,,,,,,TRUE,,,,,,,1583,,2,,
2205,SHT-010,SHT010,,1714,1978,2,132,2,,,,,,,TRUE,,,,,,,2049,,2,,
2206,TE-4-161-3,TE41613,,2332,2773,2,132,2,,,,,,,TRUE,,,,,,,2832,,2,,
2207,ORM-004,ORM004,,1597,1837,2,132,2,,,,,,,TRUE,,,,,,,1913,,2,,
2208,TSP-005,TSP005,,2655,3162,2,132,2,,,,,,,TRUE,,,,,,,3203,,2,,
2209,WTN-005,WTN005,,2693,3201,2,132,2,,,,,,,TRUE,,,,,,,3242,,2,,
2210,OSI-002,OSI002,,1600,1840,2,0,2,,,,,[旧RackLayer 705] 出荷・返却済,,TRUE,,返却済,2/2/2026,,,,1916,返却済,2,,
2211,KGM-007,KGM007,,907,965,2,132,2,,,,,,,TRUE,,,,,,,1044,,2,,
2212,JAE-221,JAE221,,714,748,2,132,2,,,,,,,TRUE,,,,,,,839,,2,,
2213,KGM-006,KGM006,,906,964,2,132,2,,,,,,,TRUE,,,,,,,1043,,2,,
2214,JAE-114 R2,JAE114R2,,644,668,2,132,2,,,,,,,TRUE,,,,,,,760,,2,,
2215,JAE-216 R2,JAE216R2,,711,745,2,132,2,,,,,,,TRUE,,,,,,,836,,2,,
2216,JAE-101 R2,JAE101R2,,640,663,2,132,2,,,,,,,TRUE,,,,,,,755,,2,,
2217,JAE-054,JAE054,,629,646,2,132,2,,,,,,,TRUE,,,,,,,739,,2,,
2218,JAE-265,JAE265,,755,789,5,0,2,,,,,[旧RackLayer 710] 青森工場,,TRUE,230,,,,,,880,,5,,
2219,ATS-010,ATS010,,218,196,2,132,2,,,,,,,TRUE,,,,,,,373,,2,,
2220,JAE-150,JAE150,,663,691,2,132,2,,,,,,,TRUE,,,,,,,782,,2,,
2221,JAE-036 ZD,JAE036ZD,,618,634,1,0,2,,,,,2024/7/26確認 | [旧RackLayer 702] 茨城工場,,TRUE,,,,,,,727,,1,,
2222,KOS-002,KOS002,,946,1015,2,132,2,,,,,,,TRUE,,,,,,,1094,,2,,
2223,JAE-180 R1,JAE180R1,,682,712,2,132,2,,,,,,,TRUE,,,,,,,803,,2,,
2224,TE-0-161-6,TE01616,,2068,2436,2,132,2,,,,,,,TRUE,,,,,,,2497,,2,,
2225,RCH-003,RCH003,,1666,1920,2,132,2,,,,,,InUse,TRUE,,,,,,,1992,,2,,
2227,TE-5-159-9,TE51599,,2363,2810,2,191,2,,,,,使用禁止,,TRUE,,,,,,,2868,,2,,
2228,TE-6-157-8,TE61578,,2390,2841,2,191,2,,,,,,,TRUE,,,,,,,2899,,2,,
2229,TE-6-143-3,TE61433,,2383,2834,2,191,2,,,,,,,TRUE,,,,,,,2892,,2,,
2230,TE-6-160-8,TE61608,,2392,2847,2,191,2,,,,,,,TRUE,,,,,,,2905,,2,,
2231,TE-6-157-6,TE61576,,2389,2840,2,191,2,,,,,初回,,TRUE,,,,,,,2898,,2,,
2232,TE-6-156-2,TE61562,,2385,2836,2,191,2,,,,,？R3は日三化成,,TRUE,,,,,,,2894,,2,,
2233,TE-6-079-1,TE60791,,2372,2821,2,191,2,,,,,,,TRUE,,,,,,,2879,,2,,
2234,TE-6-156-0,TE61560,,2384,2835,2,191,2,,,,,,,TRUE,,,,,,,2893,,2,,
2235,TE-6-127-5R,TE61275R,,4359,2824,3,0,2,,,,,[旧RackLayer 703] 坂田精文堂,,TRUE,,,,,,,2882,,3,,
2236,TE-6-127-6,TE61276,,2376,2825,2,191,2,,,,,,,TRUE,,,,,,,2883,,2,,
2237,TE-6-127-7,TE61277,,2377,2826,2,192,2,,,,,,,TRUE,,,,,,,2884,,2,,
2238,TE-6-098-0,TE60980,,2373,2822,2,192,2,,,,,指示書無,,TRUE,,,,,,,2880,,2,,
2239,TE-5-056-7,TE50567,,2340,2784,2,192,2,,,,,,,TRUE,,,,,,,2842,,2,,
2240,TE-5-159-9 R7,TE51599R7,,2363,2812,2,192,2,,,,,,,TRUE,,,,,,,2870,,2,,
2241,TE-5-159-9,TE51599,,2363,2810,2,192,2,,,,,使用禁止,,TRUE,,,,,,,2868,,2,,
2242,TE-6-156-7,TE61567,,2387,2838,2,192,2,,,,,,,TRUE,,,,,,,2896,,2,,
2243,TE-6-110-9,TE61109,,2374,2823,2,192,2,,,,,指示書無,,TRUE,,,,,,,2881,,2,,
2244,TE-6-160-7,TE61607,,2391,2846,2,192,2,,,,,,,TRUE,,,,,,,2904,,2,,
2245,TE-6-156-6,TE61566,,2386,2837,2,192,2,,,,,,,TRUE,,,,,,,2895,,2,,
2246,TE-6-076-7,TE60767,,2371,2820,2,192,2,,,,,,,TRUE,,,,,,,2878,,2,,
2247,TE-5-062-0,TE50620,,2342,2786,2,192,2,,,,,,,TRUE,,,,,,,2844,,2,,
2248,TE-5-159-9 R5,TE51599R5,,2363,2811,2,192,2,,,,,,,TRUE,,,,,,,2869,,2,,
2249,TE-5-127-0,TE51270,,2348,2793,2,193,2,,,,,坂田精文堂・図面確認依頼,,TRUE,,,,,,,2851,,2,,
2250,TE-5-157-8,TE51578,,2362,2809,2,193,2,,,,,初回,,TRUE,,,,,,,2867,,2,,
2251,TE-5-130-8,TE51308,,2356,2802,2,193,2,,,,,,,TRUE,,,,,,,2860,,2,,
2252,TE-5-127-9,TE51279,,2350,2795,2,193,2,,,,,,,TRUE,,,,,,,2853,,2,,
2253,TE-5-129-0,TE51290,,2351,2796,2,193,2,,,,,指示書無,,TRUE,,,,,,,2854,,2,,
2254,TE-5-056-6,TE50566,,2339,2783,2,193,2,,,,,,,TRUE,,,,,,,2841,,2,,
2255,TE-5-052-4,TE50524,,2338,2782,2,193,2,,,,,,,TRUE,,,,,,,2840,,2,,
2256,TE-5-052-3,TE50523,,2337,2781,2,193,2,,,,,,,TRUE,,,,,,,2839,,2,,
2257,TE-4-159-1,TE41591,,2320,2760,2,193,2,,,,,XX?,,TRUE,,,,,,,2819,,2,,
2258,TE-5-052-2 PP.PS,TE50522PP.PS,,4285,2780,2,193,2,,,,,,,TRUE,,,,,,,2838,,2,,
2259,TE-5-127-6,TE51276,,2349,2794,2,193,2,,,,,5-127-6新,,TRUE,,,,,,,2852,,2,,
2260,TE-5-142-6,TE51426,,2359,2805,2,193,2,,,,,指示書無,,TRUE,,,,,,,2863,,2,,
2261,TE-5-157-7,TE51577,,2361,2808,2,193,2,,,,,,,TRUE,,,,,,,2866,,2,,
2262,TE-4-142-3,TE41423,,2313,2753,2,194,2,,,,,指示書無,,TRUE,,,,,,,2812,,2,,
2263,TE-4-003-0,TE40030,,2287,2724,2,194,2,,,,,指示書無,,TRUE,,,,,,,2783,,2,,
2264,TE-4-157-6,TE41576,,2319,2759,2,194,2,,,,,9-156-0？,,TRUE,,,,,,,2818,,2,,
2265,TE-4-130-5,TE41305,,2310,2750,2,194,2,,,,,,,TRUE,,,,,,,2809,,2,,
2266,TE-4-127-1,TE41271,,2301,2741,2,194,2,,,,,,,TRUE,,,,,,,2800,,2,,
2267,TE-4-161-8,TE41618,,2333,2774,2,194,2,,,,,,,TRUE,,,,,,,2833,,2,,
2268,TE-4-129-3,TE41293,,2304,2744,2,194,2,,,,,指示書無,,TRUE,,,,,,,2803,,2,,
2269,TE-4-129-9,TE41299,,2306,2746,2,194,2,,,,,指示書無,,TRUE,,,,,,,2805,,2,,
2270,TE-4-075-5,TE40755,,2294,2733,2,194,2,,,,,指示書無,,TRUE,,,,,,,2792,,2,,
2271,TE-4-159-1,TE41591,,2320,2760,2,194,2,,,,,,,TRUE,,,,,,,2819,,2,,
2272,TE-4-077-4,TE40774,,2295,2734,2,194,2,,,,,,,TRUE,,,,,,,2793,,2,,
2273,TE-4-156-2R,TE41562R,,2316,2757,2,194,2,,,,,,,TRUE,,,,,,,2816,,2,,
2274,TE-4-062-9,TE40629,,2290,2727,2,194,2,,,,,,,TRUE,,,,,,,2786,,2,,
2275,TE-4-159-2,TE41592,,2321,2761,2,194,2,,,,,,,TRUE,,,,,,,2820,,2,,
2276,TE-4-142-6,TE41426,,2314,2754,2,194,2,,,,,指示書無,,TRUE,,,,,,,2813,,2,,
2277,TE-4-103-1,TE41031,,2298,2737,2,194,2,,,,,4-003-1/4-103-1？,,TRUE,,,,,,,2796,,2,,
2278,TE-4-159-5,TE41595,,2324,2764,2,194,2,,,,,,,TRUE,,,,,,,2823,,2,,
2279,TE-4-108-0,TE41080,,2299,2738,2,195,2,,,,,,,TRUE,,,,,,,2797,,2,,
2280,TE-4-127-7,TE41277,,2303,2743,2,195,2,,,,,,,TRUE,,,,,,,2802,,2,,
2281,TE-4-127-2,TE41272,,2302,2742,2,195,2,,,,,プラグSPPCへ移設注文が入ったら社長へ,,TRUE,,,,,,,2801,,2,,
2282,TE-4-156-0,TE41560,,2315,2755,2,195,2,,,,,AMP-028,,TRUE,,,,,,,2814,,2,,
2283,TE-4-075-4,TE40754,,2293,2732,2,195,2,,,,,指示書無,,TRUE,,,,,,,2791,,2,,
2284,TE-4-059-5,TE40595,,2288,2725,2,195,2,,,,,,,TRUE,,,,,,,2784,,2,,
2285,TE-4-059-8,TE40598,,2289,2726,2,195,2,,,,,指示書無,,TRUE,,,,,,,2785,,2,,
2286,TE-4-159-6,TE41596,,2325,2765,2,195,2,,,,,4-159-6 R3？,,TRUE,,,,,,,2824,,2,,
2287,TE-3-078-0,TE30780,,2259,2689,2,201,2,,,,,指示書無,,TRUE,,,,,,,2748,,2,,
2288,TE-3-020-0,TE30200,,2239,2666,2,201,2,,,,,,,TRUE,,,,,,,2725,,2,,
2289,TE-3-062-8,TE30628,,2257,2684,2,201,2,,,,,PVC,,TRUE,,,,,,,2743,,2,,
2290,TE-3-020-5,TE30205,,2242,2669,2,201,2,,,,,指示書無,,TRUE,,,,,,,2728,,2,,
2291,TE-3-059-1,TE30591,,2256,2683,2,201,2,,,,,,,TRUE,,,,,,,2742,,2,,
2292,TE-3-143-0,TE31430,,2272,2705,2,201,2,,,,,,,TRUE,,,,,,,2764,,2,,
2293,TE-3-127-1,TE31271,,2263,2693,2,201,2,,,,,,,TRUE,,,,,,,2752,,2,,
2294,TE-3-079-0,TE30790,,2260,2690,2,201,2,,,,,指示書無,,TRUE,,,,,,,2749,,2,,
2295,TE-3-129-2,TE31292,,2267,2700,2,201,2,,,,,指示書無,,TRUE,,,,,,,2759,,2,,
2296,TE-3-127-9,TE31279,,2264,2697,2,201,2,,,,,,,TRUE,,,,,,,2756,,2,,
2297,TE-3-020-6,TE30206,,2243,2670,2,201,2,,,,,指示書無,,TRUE,,,,,,,2729,,2,,
2298,TE-3-050-3,TE30503,,2251,2678,2,201,2,,,,,,,TRUE,,,,,,,2737,,2,,
2299,TE-2-071-3,TE20713,,2168,2557,2,201,2,,,,,,,TRUE,,,,,,,2618,,2,,
2300,TE-3-127-2,TE31272,,38,2694,2,202,2,,,,,日三化成,,TRUE,,,,,,,2753,,2,,
2301,TE-2-156-5,TE21565,,2199,2589,2,202,2,,,,,,,TRUE,,,,,,,2650,,2,,
2302,TE-3-156-0,TE31560,,2275,2708,2,202,2,,,,,,,TRUE,,,,,,,2767,,2,,
2303,TE-3-156-0,TE31560,,2275,2708,2,202,2,,,,,,,TRUE,,,,,,,2767,,2,,
2304,TE-2299204-1,TE22992041,,2210,2600,2,202,2,,,,,,,TRUE,,,,,,,2661,,2,,
2305,TE-3-159-0,TE31590,,2278,2711,2,202,2,,,,,,,TRUE,,,,,,,2770,,2,,
2306,TE-3-077-2,TE30772,,2258,2688,2,202,2,,,,,指示書無,,TRUE,,,,,,,2747,,2,,
2307,TE-3-054-7,TE30547,,2255,2682,2,202,2,,,,,,,TRUE,,,,,,,2741,,2,,
2308,TE-3-160-9R3,TE31609R3,,41,2716,2,202,2,,,,,図面確認依頼,,TRUE,,,,,,,2775,,2,,
2309,TE-3-145-1,TE31451,,2274,2707,2,202,2,,,,,,,TRUE,,,,,,,2766,,2,,
2310,TE-3-145-0,TE31450,,2273,2706,2,202,2,,,,,,,TRUE,,,,,,,2765,,2,,
2311,TE-3-020-4,TE30204,,2241,2668,2,202,2,,,,,指示書無,,TRUE,,,,,,,2727,,2,,
2312,TE-2425816-1,TE24258161,,14,2634,2,202,2,,,,,,,TRUE,,,,,,,2693,,2,,
2313,TE-2404949-1,TE24049491,,2222,2614,2,202,2,,,,,,,TRUE,,,,,,,2675,,2,,
2314,TE-3-020-1,TE30201,,2240,2667,2,202,2,,,,,,,TRUE,,,,,,,2726,,2,,
2315,TE-3-050-5,TE30505,,2252,2679,2,202,2,,,,,指示書無,,TRUE,,,,,,,2738,,2,,
2316,TE-3-161-1,TE31611,,2282,2717,2,202,2,,,,,,,TRUE,,,,,,,2776,,2,,
2317,TE-3-020-9,TE30209,,2245,2672,2,202,2,,,,,,,TRUE,,,,,,,2731,,2,,
2318,TE-2425819-1,TE24258191,,15,2635,2,203,2,,,,,,,TRUE,,,,,,,2694,,2,,
2319,TE-2-020-7,TE20207,,2157,2541,2,203,2,,,,,,,TRUE,,,,,,,2602,,2,,
2320,TE-2-127-0,TE21270,,2180,2570,2,203,2,,,,,,,TRUE,,,,,,,2631,,2,,
2321,TE-2-051-8,TE20518,,2165,2549,2,203,2,,,,,,,TRUE,,,,,,,2610,,2,,
2322,TE-2-051-7,TE20517,,2164,2548,2,203,2,,,,,,,TRUE,,,,,,,2609,,2,,
2323,TE-2-110-9,TE21109,,2179,2569,2,625,2,,,,,,,TRUE,,,,,,,2630,,2,,
2324,TE-2317776-1,TE23177761,,2212,2602,2,203,2,,,,,,,TRUE,,,,,,,2663,,2,,
2325,TE-3-020-8,TE30208,,2244,2671,2,203,2,,,,,,,TRUE,,,,,,,2730,,2,,
2326,TE-2-145-0,TE21450,,2197,2587,2,203,2,,,,,,,TRUE,,,,,,,2648,,2,,
2327,TE-3-202-3,TE32023,,2286,2723,2,203,2,,,,,,,TRUE,,,,,,,2782,,2,,
2328,TE-2220494-1,TE22204941,,2206,2596,2,203,2,,,,,,,TRUE,,,,,,,2657,,2,,
2329,TE-2-110-4,TE21104,,2177,2567,2,203,2,,,,,,,TRUE,,,,,,,2628,,2,,
2330,TE-2374957-1,TE23749571,,2219,2611,2,203,2,,,,,,,TRUE,,,,,,,2672,,2,,
2331,TE-2374959-1,TE23749591,,2220,2612,2,203,2,,,,,,,TRUE,,,,,,,2673,,2,,
2333,TE-2434480-1,TE24344801,,27,2649,2,204,2,,,,,,,TRUE,,,,,,,2708,,2,,
2334,TE-2-127-1,TE21271,,2181,2571,2,204,2,,,,,,,TRUE,,,,,,,2632,,2,,
2335,TE-2-159-9,TE21599,,2202,2592,2,204,2,,,,,,,TRUE,,,,,,,2653,,2,,
2336,TE-2-156-9,TE21569,,2201,2591,2,204,2,,,,,,,TRUE,,,,,,,2652,,2,,
2337,TE-2-160-7,TE21607,,2203,2593,2,204,2,,,,,,,TRUE,,,,,,,2654,,2,,
2338,TE-2301581-1,TE23015811,,2211,2601,2,204,2,,,,,,,TRUE,,,,,,,2662,,2,,
2339,TE-2078105-1,TE20781051,,2170,2560,2,204,2,,,,,,,TRUE,,,,,,,2621,,2,,
2340,TE-2078105-3,TE20781053,,2171,2561,2,204,2,,,,,,,TRUE,,,,,,,2622,,2,,
2341,TE-2-023-1,TE20231,,2159,2543,2,204,2,,,,,,,TRUE,,,,,,,2604,,2,,
2342,TE-2325786-2,TE23257862,,2215,2605,2,204,2,,,,,,,TRUE,,,,,,,2666,,2,,
2343,TE-2-160-8,TE21608,,2204,2594,2,204,2,,,,,,,TRUE,,,,,,,2655,,2,,
2344,TE-2-145-8,TE21458,,2198,2588,2,204,2,,,,,,,TRUE,,,,,,,2649,,2,,
2345,TE-2822660-1R,TE28226601R,,4362,2665,2,204,2,,,,,,,TRUE,,,,,,,2724,,2,,
2346,TE-2320493-1,TE23204931,,2213,2603,2,204,2,,,,,,,TRUE,,,,,,,2664,,2,,
2347,TE-2-127-7,TE21277,,2182,2572,2,204,2,,,,,,,TRUE,,,,,,,2633,,2,,
2348,TE-2366113-1,TE23661131,,2216,2606,2,204,2,,,,,？,,TRUE,,,,,,,2667,,2,,
2349,TE-2373028-1,TE23730281,,10,2609,2,204,2,,,,,,,TRUE,14,,,,,,2670,,2,,
2350,TE-2-129-2,TE21292,,2183,2573,2,204,2,,,,,,,TRUE,,,,,,,2634,,2,,
2351,TE-2-020-6,TE20206,,2156,2540,2,204,2,,,,,,,TRUE,,,,,,,2601,,2,,
2352,TE-2-063-7,TE20637,,2167,2556,2,205,2,,,,,,,TRUE,,,,,,,2617,,2,,
2354,TE-2-108-8,TE21088,,2176,2566,2,205,2,,,,,,,TRUE,,,,,,,2627,,2,,
2355,TE-2-077-7,TE20777,,2169,2558,2,205,2,,,,,,,TRUE,,,,,,,2619,,2,,
2356,TE-2-060-8,TE20608,,2166,2555,2,205,2,,,,,,,TRUE,,,,,,,2616,,2,,
2357,TE-2325786-1,TE23257861,,2214,2604,2,205,2,,,,,,,TRUE,,,,,,,2665,,2,,
2358,TE-2822118-1,TE28221181,,2237,2664,2,205,2,,,,,,,TRUE,,,,,,,2723,,2,,
2359,TE-2296618R,TE2296618R,,2208,2598,2,205,2,,,,,,,TRUE,,,,,,,2659,,2,,
2360,TE-2289555-1,TE22895551,,2207,2597,2,205,2,,,,,,,TRUE,,,,,,,2658,,2,,
2361,TE-2297070-1,TE22970701,,2209,2599,2,205,2,,,,,,,TRUE,,,,,,,2660,,2,,
2362,TE-2-020-4,TE20204,,2154,2538,2,205,2,,,,,坂田精文堂・図面確認依頼,,TRUE,,,,,,,2599,,2,,
2363,TE-2457435-1,TE24574351,,32,2654,,704,2,,,,,PS　廃棄20240612,,TRUE,,,,,,,2713,廃棄済,,,
2364,TE-2411390-1,TE24113901,,2223,2615,2,205,2,,,,,,,TRUE,,,,,,,2676,,2,,
2365,TE-2379489-1,TE23794891,,2221,2613,2,206,2,,,,,,,TRUE,,,,,,,2674,,2,,
2366,TE-2371191-1,TE23711911,,2217,2607,2,206,2,,,,,,,TRUE,,,,,,,2668,,2,,
2367,TE-2371206-1,TE23712061,,2218,2608,2,206,2,,,,,,,TRUE,,,,,,,2669,,2,,
2368,TE-2457436-1 R2,TE24574361R2,,33,2658,2,206,2,,,,,R1？,InUse,TRUE,,,,,,,2717,,2,,
2369,TE-2457436-1,TE24574361,,33,2657,2,206,2,,,,,,InUse,TRUE,,,,,,,2716,,2,,
2370,TE-8-050-3,TE80503,,2424,2888,2,206,2,,,,,梱包,,TRUE,,,,,,,2946,,2,,
2371,TE-1279509-3,TE12795093,,2149,2532,2,211,2,,,,,,,TRUE,,,,,,,2593,,2,,
2373,TE-1-141-7,TE11417,,2130,2505,2,211,2,,,,,,,TRUE,,,,,,,2566,,2,,
2374,TE-1-130-8,TE11308,,2125,2499,2,211,2,,,,,,,TRUE,,,,,,,2560,,2,,
2375,TE-1-073-1,TE10731,,2104,2474,2,211,2,,,,,,,TRUE,,,,,,,2535,,2,,
2379,KDS-023,KDS023,,826,876,2,211,2,,,,,,,TRUE,,,,,,,956,,2,,
2380,TE-1-056-3,TE10563,,2102,2472,2,211,2,,,,,,,TRUE,,,,,,,2533,,2,,
2381,TE-1-143-9,TE11439,,2131,2506,2,211,2,,,,,,,TRUE,,,,,,,2567,,2,,
2382,TE-1-127-6,TE11276,,2118,2490,2,211,2,,,,,,,TRUE,,,,,,,2551,,2,,
2383,TE-1279509-2,TE12795092,,2148,2531,2,211,2,,,,,,,TRUE,,,,,,,2592,,2,,
2384,TE-1-145-1,TE11451,,2132,2507,2,211,2,,,,,,,TRUE,,,,,,,2568,,2,,
2385,TE-0-156-1,TE01561,,2062,2427,2,211,2,,,,,,,TRUE,,,,,,,2488,,2,,
2386,TE-1-141-1,TE11411,,2128,2502,2,211,2,,,,,,,TRUE,,,,,,,2563,,2,,
2387,YCM-015,YCM015,,2701,3215,2,281,2,,,,,,,TRUE,,,,,,,3256,,2,,
2388,YCM-016,YCM016,,2702,3216,2,281,2,,,,,,,TRUE,,,,,,,3257,,2,,
2389,SMK-207,SMK207,,1819,2138,2,211,2,,,,,,,TRUE,,,,,,,2209,,2,,
2390,TE-1-162-2 旧金型,TE11622旧金型,,2137,2517,2,211,2,,,,,使用禁止,,TRUE,,,,,,,2578,,2,,
2391,TE-1-162-2 旧金型,TE11622旧金型,,2137,2517,2,211,2,,,,,使用禁止,,TRUE,,,,,,,2578,,2,,
2393,KNC-001,KNC001,,928,996,,0,2,,,,,[旧RackLayer 705] 出荷・返却済,,TRUE,,返却済,6/25/2024,,,,1075,返却済,,,
2394,No Name,NoName,,1453,1647,2,211,2,,,,,地面ー台湾機,,TRUE,,,,,,,1724,,2,,
2395,TE-2457435-1R1,TE24574351R1,,32,2656,2,212,2,,,,,,,TRUE,,,,,,,2715,,2,,
2396,TE-1-127-5,TE11275,,2117,2489,2,212,2,,,,,,,TRUE,,,,,,,2550,,2,,
2397,TE-1-020-2,TE10202,,2088,2457,2,212,2,,,,,０２０？,,TRUE,,,,,,,2518,,2,,
2398,TE-1-020-5,TE10205,,2089,2458,2,212,2,,,,,,,TRUE,,,,,,,2519,,2,,
2399,TE-0-127-8,TE01278,,2049,2412,2,212,2,,,,,,,TRUE,,,,,,,2474,,2,,
2400,TE-1-141-6,TE11416,,2129,2504,2,212,2,,,,,,,TRUE,,,,,,,2565,,2,,
2401,TE-1-145-7,TE11457,,2133,2508,2,212,2,,,,,,,TRUE,,,,,,,2569,,2,,
2402,TE-1-020-1,TE10201,,2087,2456,2,212,2,,,,,,,TRUE,,,,,,,2517,,2,,
2403,TE-1-110-4,TE11104,,2112,2483,2,212,2,,,,,,,TRUE,,,,,,,2544,,2,,
2404,TE-1-020-6,TE10206,,2090,2459,2,212,2,,,,,,,TRUE,,,,,,,2520,,2,,
2405,KTK-002,KTK002,,1156,1285,2,212,2,,,,,,,TRUE,,,,,,,1363,,2,,
2407,MMC-003,MMC003,,1223,1361,2,212,2,,,,,,,TRUE,,,,,,,1439,,2,,
2408,MCC-002 R3,MCC002R3,,1201,1338,6,212,2,,,,,預り証No. YDT691,InUse,TRUE,,返却済,4/15/2026,,,,1416,,2,,
2409,APF-003,APF003,,196,171,2,212,2,,,,,,,TRUE,,,,,,,349,,2,,
2410,NHK-006D R2,NHK006DR2,,1428,4580,2,55,2,,,,,試作ポケット,,TRUE,,,,,,,4534,,2,,
2411,TE-1-127-7,TE11277,,4,2491,2,213,2,,,,,1-912127-7B伝?,,TRUE,,,,,,,2552,,2,,
2412,TE-1-161-9,TE11619,,2136,2515,2,213,2,,,,,,,TRUE,,,,,,,2576,,2,,
2413,TE-1-161-0,TE11610,,2135,2514,2,213,2,,,,,,,TRUE,,,,,,,2575,,2,,
2414,TE-1-156-1,TE11561,,2134,2509,2,213,2,,,,,,,TRUE,,,,,,,2570,,2,,
2415,AMP-0-130-6,AMP01306,,170,141,2,213,2,,,,,,,TRUE,,,,,,,319,,2,,
2416,AMP-0-130-6,AMP01306,,170,141,2,213,2,,,,,,,TRUE,,,,,,,319,,2,,
2417,TE-2457436-1R5 NEW,TE24574361R5NEW,,33,2661,2,213,2,,,,,R5の再設計　NEW,InUse,TRUE,,,,,,,2720,,2,,
2418,TE-2457436-1R3,TE24574361R3,,33,2659,,704,2,,,,,PS 廃棄20240612,使用禁止,TRUE,,,,廃棄済,6/12/2024,,2718,廃棄済,,,
2419,TE-9-127-9,TE91279,,2465,2940,2,213,2,,,,,指示書無,,TRUE,,,,,,,2997,,2,,
2420,TE-1-127-1R1,TE11271R1,,2114,2486,2,213,2,,,,,,,TRUE,,,,,,,2547,,2,,
2421,TE-Noname,TENoname,,2007,2959,2,213,2,,,,,,,TRUE,,,,,,,3015,,2,,
2422,TE-2423252-3,TE24232523,,13,2630,2,222,2,,,,,,,TRUE,23,,,,,,2689,,2,,
2423,TE-1-127-4,TE11274,,2116,2488,2,213,2,,,,,,,TRUE,,,,,,,2549,,2,,
2424,TE-1-127-3,TE11273,,2115,2487,2,213,2,,,,,,,TRUE,,,,,,,2548,,2,,
2425,TE-0-161-9,TE01619,,2071,2439,2,213,2,,,,,,,TRUE,,,,,,,2500,,2,,
2426,TE-1-073-4,TE10734,,2105,2475,2,213,2,,,,,,,TRUE,,,,,,,2536,,2,,
2427,TE-1-130-3,TE11303,,2121,2495,2,213,2,,,,,,,TRUE,,,,,,,2556,,2,,
2428,TE-1-130-4,TE11304,,2122,2496,2,213,2,,,,,,,TRUE,,,,,,,2557,,2,,
2429,TE-1-065-2,TE10652,,2103,2473,2,214,2,,,,,,,TRUE,,,,,,,2534,,2,,
2430,TE-0-020-3,TE00203,,2018,2379,2,214,2,,,,,,,TRUE,,,,,,,2441,,2,,
2431,TE-2423252-1,TE24232521,,11,2618,2,223,2,,,,,,,TRUE,,,,,,12/14/2023,2679,,2,,
2432,TE-0-161-2,TE01612,,2066,2434,2,214,2,,,,,,,TRUE,,,,,,,2495,,2,,
2433,TE-0-161-3,TE01613,,2067,2435,2,214,2,,,,,,,TRUE,,,,,,,2496,,2,,
2434,TE-0-071-6,TE00716,,2037,2400,2,214,2,,,,,,,TRUE,,,,,,,2462,,2,,
2435,TE-1279600-1,TE12796001,,2151,2534,2,214,2,,,,,,,TRUE,,,,,,,2595,,2,,
2436,TE-1279508-4,TE12795084,,2144,2527,2,214,2,,,,,,,TRUE,,,,,,,2588,,2,,
2437,TE-0-161-7,TE01617,,2069,2437,2,214,2,,,,,PS,,TRUE,,,,,,,2498,,2,,
2438,TE-1279508-3,TE12795083,,2143,2526,2,214,2,,,,,,,TRUE,,,,,,,2587,,2,,
2439,TE-1279509-1,TE12795091,,2147,2530,2,214,2,,,,,,,TRUE,,,,,,,2591,,2,,
2440,TE-0-020-2,TE00202,,2017,2378,2,214,2,,,,,,,TRUE,,,,,,,2440,,2,,
2441,TE-1279508-6,TE12795086,,2146,2529,2,214,2,,,,,,,TRUE,,,,,,,2590,,2,,
2442,TE-1279508-5,TE12795085,,2145,2528,2,214,2,,,,,,,TRUE,,,,,,,2589,,2,,
2443,TE-1279509-4,TE12795094,,2150,2533,2,214,2,,,,,,,TRUE,,,,,,,2594,,2,,
2444,TE-0-127-3,TE01273,,2047,2410,2,214,2,,,,,,,TRUE,,,,,,,2472,,2,,
2445,TE-0-129-7,TE01297,,2053,2416,2,215,2,,,,,,,TRUE,,,,,,,2478,,2,,
2446,TE-0-127-7,TE01277,,2048,2411,2,215,2,,,,,,,TRUE,,,,,,,2473,,2,,
2447,TE-0-143-7,TE01437,,2061,2426,2,215,2,,,,,,,TRUE,,,,,,,2487,,2,,
2448,TE-0-019-6,TE00196,,2014,2375,2,215,2,,,,,,,TRUE,,,,,,,2437,,2,,
2449,TE-0-127-2,TE01272,,2046,2409,2,215,2,,,,,,,TRUE,,,,,,,2471,,2,,
2450,TE-1554772-1,TE15547721,,2153,2537,2,215,2,,,,,,,TRUE,,,,,,,2598,,2,,
2451,TE-0-072-9,TE00729,,2039,2402,2,215,2,,,,,,,TRUE,,,,,,,2464,,2,,
2452,TE-0-020-5,TE00205,,2019,2380,2,215,2,,,,,,,TRUE,,,,,,,2442,,2,,
2453,TE-1279508-2,TE12795082,,2142,2525,2,215,2,,,,,,,TRUE,,,,,,,2586,,2,,
2454,TE-0-110-9,TE01109,,2044,2407,2,215,2,,,,,,,TRUE,,,,,,,2469,,2,,
2455,TE-0-020-6,TE00206,,2020,2381,2,215,2,,,,,,,TRUE,,,,,,,2443,,2,,
2456,SSM-006,SSM006,,1884,2223,4,0,2,,,,,日三化成 | [旧RackLayer 701] 日三化成,,TRUE,,,,,,,2287,,4,,
2457,SSM-039,SSM039,,1910,2249,1,0,2,,,,,茨城工場 | [旧RackLayer 702] 茨城工場,,TRUE,,,,,,,2313,,1,,
2458,SSM-046,SSM046,,1917,2256,1,0,2,,,,,茨城工場 | [旧RackLayer 702] 茨城工場,,TRUE,,,,,,,2320,,1,,
2459,SSM-049,SSM049,,1920,2259,3,0,2,,,,,坂田精文堂・図面確認依頼 da xac nhan | [旧RackLayer 703] 坂田精文堂,,TRUE,,,,,,,2323,,3,,
2460,JAE-213,JAE213,,709,742,,704,2,,,,,金型廃棄2024.3.23,,TRUE,,,,廃棄済,3/21/2024,,833,廃棄済,,,
2461,JAE-050,JAE050,,626,642,,704,2,,,,,金型廃棄2024.3.21,,TRUE,,,,廃棄済,3/21/2024,,735,廃棄済,,,
2462,JAE-123,JAE123,,648,673,,704,2,,,,,金型廃棄2024.3.23,,TRUE,,,,廃棄済,3/21/2024,,765,廃棄済,,,
2463,JAE-160,JAE160,,670,699,,704,2,,,,,金型廃棄2024.3.23,,TRUE,,,,廃棄済,3/21/2024,,790,廃棄済,,,
2464,JAE-162,JAE162,,672,701,,704,2,,,,,金型廃棄2024.3.23,,TRUE,,,,廃棄済,3/21/2024,,792,廃棄済,,,
2465,JAE-117,JAE117,,646,670,,704,2,,,,,金型廃棄2024.3.23,,TRUE,,,,廃棄済,3/21/2024,,762,廃棄済,,,
2466,JAE-126,JAE126,,649,675,,704,2,,,,,金型廃棄2024.3.23,,TRUE,,,,廃棄済,3/21/2024,,767,廃棄済,,,
2467,JAE-071,JAE071,,633,654,,704,2,,,,,金型廃棄2024.3.23,,TRUE,,,,廃棄済,3/21/2024,,746,廃棄済,,,
2468,JAE-181,JAE181,,683,713,,704,2,,,,,金型廃棄2024.3.23,,TRUE,,,,廃棄済,3/21/2024,,804,廃棄済,,,
2469,JAE-189,JAE189,,690,721,,704,2,,,,,金型廃棄2024.3.23,,TRUE,,,,廃棄済,3/21/2024,,812,廃棄済,,,
2470,JAE-312,JAE312,,801,843,,704,2,,,,,金型廃棄2024.3.23,,TRUE,278,,,廃棄済,3/23/2024,,927,廃棄済,,,
2472,SMK-110,SMK110,,1804,2108,,704,2,,,,,金型廃棄2024.2.22,,TRUE,,,,,,,2179,廃棄済,,,
2473,SMK-198,SMK198,,1814,2133,,704,2,,,,,金型廃棄2024.2.22,,TRUE,,,,,,,2204,廃棄済,,,
2474,SMK-202,SMK202,,1815,2134,,704,2,,,,,金型廃棄2024.2.22,,TRUE,,,,,,,2205,廃棄済,,,
2475,SPJ-048B,SPJ048B,,1852,2177,,0,2,,,,,リズム株式会社 | [旧RackLayer 705] 出荷・返却済,,TRUE,,,,,,,2248,返却済,,,
2476,SPJ-048T,SPJ048T,,1852,2178,,0,2,,,,,リズム株式会社 | [旧RackLayer 705] 出荷・返却済,,TRUE,,,,,,,2249,返却済,,,
2477,ADY-055,ADY055,,97,50,,0,2,,,,,リズム株式会社 | [旧RackLayer 705] 出荷・返却済,,TRUE,,,,,,,151,返却済,,,
2478,DIC-003B,DIC003B,,291,278,,0,2,,,,,2024.2.29 | [旧RackLayer 705] 出荷・返却済,,TRUE,,,,,,,453,返却済,,,
2479,DIC-003T,DIC003T,,291,279,,0,2,,,,,2024.2.29 | [旧RackLayer 705] 出荷・返却済,,TRUE,,,,,,,454,返却済,,,
2480,DIC-008,DIC008,,295,282,,0,2,,,,,2024.2.29 | [旧RackLayer 705] 出荷・返却済,,TRUE,,,,,,,457,返却済,,,
2481,HIN-001,HIN001,,549,553,,0,2,,,,,2024.1.30 | [旧RackLayer 705] 出荷・返却済,,TRUE,,返却済,1/30/2024,,,,646,返却済,,,
2482,ATS-028R1,ATS028R1,,235,215,2,93,2,,,,,新規,,TRUE,151,,,,,,392,,2,,
2483,ATS-029R2,ATS029R2,,237,218,2,93,2,,,,,新規,,TRUE,154,,,,,,395,,2,,
2484,TE-7-129-2,TE71292,,2410,2871,1,0,2,,,,,[旧RackLayer 702] 茨城工場,,TRUE,,,,,,,2929,,1,,
2485,TE-7-130-9,TE71309,,2414,2876,2,175,2,,,,,,,TRUE,,,,,,,2934,,2,,
2487,ENT-001,ENT001,,432,441,2,175,2,,,,,,,TRUE,,,,,,,207,,2,,
2488,ENT-002,ENT002,,433,442,2,175,2,,,,,,,TRUE,,,,,,,208,,2,,
2489,TE-7-142-9,TE71429,,2418,2881,2,175,2,,,,,,,TRUE,,,,,,,2939,,2,,
2490,TE-001,TE001,,2009,2370,2,175,2,,,,,,,TRUE,,,,,,,2432,,2,,
2491,TE-7-161-0,TE71610,,2420,2883,2,175,2,,,,,,,TRUE,,,,,,,2941,,2,,
2492,TE-7-130-8 R,TE71308R,,2412,2875,2,175,2,,,,,,,TRUE,,,,,,,2933,,2,,
2493,TE-8-127-1,TE81271,,2434,2899,2,175,2,,,,,,,TRUE,,,,,,,2957,,2,,
2494,TE-7-127-5,TE71275,,2405,2862,2,175,2,,,,,,,TRUE,,,,,,,2920,,2,,
2495,LKS-002,LKS002,,1170,1303,2,0,2,,,,,返却済 | [旧RackLayer 705] 出荷・返却済,,TRUE,,返却済,10/8/2025,,,,1381,返却済,2,,
2496,LKS-005,LKS005,,1172,1306,2,185,2,,,,,,,TRUE,,,,,,,1384,,2,,
2497,LKS-006,LKS006,,1173,1307,2,185,2,,,,,,,TRUE,,,,,,,1385,,2,,
2499,SRD-001,SRD001,,1855,2180,2,185,2,,,,,,,TRUE,,,,,,,2251,,2,,
2500,KKC-002,KKC002,,915,982,2,185,2,,,,,,,TRUE,,,,,,,1061,,2,,
2501,SSK-009,SSK009,,1877,2216,2,185,2,,,,,,,TRUE,,,,,,,2280,,2,,
2502,LKS-001,LKS001,,1169,1302,2,0,2,,,,,返却済　 | [旧RackLayer 705] 出荷・返却済,,TRUE,,返却済,10/8/2025,,,,1380,返却済,2,,
2504,KBT-001,KBT001,,823,873,2,185,2,,,,,,,TRUE,,,,,,,953,,2,,
2505,AAT-004T,AAT004T,,76,20,2,185,2,,,,,,,TRUE,,,,,,,121,,2,,
2507,KSE-D,KSED,,3962,1090,2,185,2,,,,,,,TRUE,,,,,,,1168,,2,,
2508,TSB-001,TSB001,,2649,3156,2,185,2,,,,,,,TRUE,,,,,,,3197,,2,,
2509,ADY-083R,ADY083R,,112,74,2,185,2,,,,,,,TRUE,,,,,,,175,,2,,
2510,MTD-002,MTD002,,1272,1412,2,185,2,,,,,,,TRUE,,,,,,,1490,,2,,
2511,TE-7-075-8-V01,TE70758V01,,2400,2856,2,185,2,,,,,指示書無,,TRUE,,,,,,,2914,,2,,
2512,TIH-023,TIH023,,2541,3031,2,185,2,,,,,,,TRUE,,,,,,,3084,,2,,
2513,QAS-003,QAS003,,1660,1914,2,185,2,,,,,,,TRUE,,,,,,,1986,,2,,
2514,YSR-020,YSR020,,2918,3487,2,282,2,,,,,,,TRUE,,,,,,,3526,,2,,
2515,KSP-032,KSP032,,1026,1124,2,352,2,,,,,梱包,,TRUE,,,,,,,1202,,2,,
2516,KSP-034,KSP034,,1028,1126,2,352,2,,,,,梱包,,TRUE,,,,,,,1204,,2,,
2517,KSP-024,KSP024,,1019,1115,2,352,2,,,,,梱包,,TRUE,,,,,,,1193,,2,,
2518,KSP-010,KSP010,,1005,1099,2,352,2,,,,,梱包,,TRUE,,,,,,,1177,,2,,
2519,KSP-022,KSP022,,1017,1113,2,352,2,,,,,梱包,,TRUE,,,,,,,1191,,2,,
2521,KSK-004,KSK004,,1004,1094,2,352,2,,,,,梱包,,TRUE,,,,,,,1172,,2,,
2522,NRK-007,NRK007,,1469,1689,2,352,2,,,,,梱包,,TRUE,,,,,,,1765,,2,,
2523,NRK-013R,NRK013R,,1474,1695,2,352,2,,,,,梱包,,TRUE,,,,,,,1771,,2,,
2524,NRK-008,NRK008,,1470,1690,2,352,2,,,,,梱包,,TRUE,,,,,,,1766,,2,,
2525,NRK-030,NRK030,,1479,1700,2,352,2,,,,,梱包,,TRUE,,,,,,,1776,,2,,
2526,KSP-013,KSP013,,1008,1102,2,352,2,,,,,梱包,,TRUE,,,,,,,1180,,2,,
2527,KSP-019,KSP019,,1014,1108,2,352,2,,,,,梱包,,TRUE,,,,,,,1186,,2,,
2528,KSP-015,KSP015,,1010,1104,2,352,2,,,,,梱包,,TRUE,,,,,,,1182,,2,,
2529,KSP-016,KSP016,,1011,1105,2,352,2,,,,,梱包,,TRUE,,,,,,,1183,,2,,
2530,NRK-024,NRK024,,1476,1697,2,352,2,,,,,梱包,,TRUE,,,,,,,1773,,2,,
2531,NRK-025,NRK025,,1477,1698,2,352,2,,,,,梱包,,TRUE,,,,,,,1774,,2,,
2532,NRK-026,NRK026,,1478,1699,2,352,2,,,,,梱包,,TRUE,,,,,,,1775,,2,,
2533,NRK-032,NRK032,,1480,1702,2,352,2,,,,,梱包,,TRUE,,,,,,,1778,,2,,
2534,NRK-038,NRK038,,1484,1706,2,352,2,,,,,梱包,,TRUE,,,,,,,1782,,2,,
2535,NRK-039,NRK039,,1485,1707,2,352,2,,,,,梱包,,TRUE,,,,,,,1783,,2,,
2536,NRK-005,NRK005,,1468,1688,2,352,2,,,,,梱包,,TRUE,,,,,,,1764,,2,,
2537,NRK-010,NRK010,,1471,1692,2,352,2,,,,,梱包,,TRUE,,,,,,,1768,,2,,
2538,NRK-043,NRK043,,1487,1709,2,352,2,,,,,梱包,,TRUE,,,,,,,1785,,2,,
2539,NRK-011,NRK011,,1472,1693,2,352,2,,,,,梱包,,TRUE,,,,,,,1769,,2,,
2540,NRK-037,NRK037,,1483,1705,2,352,2,,,,,梱包,,TRUE,,,,,,,1781,,2,,
2541,NRK-046,NRK046,,1489,1711,2,352,2,,,,,梱包,,TRUE,,,,,,,1787,,2,,
2542,NSK-009,NSK009,,1500,1723,2,352,2,,,,,梱包,,TRUE,,,,,,,1799,,2,,
2543,NSK-001,NSK001,,1493,1716,2,352,2,,,,,+フタ　梱包,,TRUE,,,,,,,1792,,2,,
2544,KSP-023,KSP023,,1018,1114,2,352,2,,,,,梱包,,TRUE,,,,,,,1192,,2,,
2545,KSP-020,KSP020,,1015,1109,2,352,2,,,,,梱包,,TRUE,,,,,,,1187,,2,,
2546,NSK-005,NSK005,,1496,1719,2,352,2,,,,,梱包,,TRUE,,,,,,,1795,,2,,
2547,NRK-001,NRK001,,1465,1685,2,352,2,,,,,梱包,,TRUE,,,,,,,1761,,2,,
2548,NRK-002,NRK002,,1466,1686,2,352,2,,,,,梱包,,TRUE,,,,,,,1762,,2,,
2549,NRK-044,NRK044,,1488,1710,2,352,2,,,,,梱包,,TRUE,,,,,,,1786,,2,,
2550,NRK-022R,NRK022R,,1475,1696,2,352,2,,,,,梱包,,TRUE,,,,,,,1772,,2,,
2552,YSD-G-050-1,YSDG0501,,2836,3383,2,241,2,,,,,,,TRUE,,,,,,,3423,,2,,
2553,YSD-G-020-1,YSDG0201,,2827,3374,2,241,2,,,,,,,TRUE,,,,,,,3414,,2,,
2554,YSD-G-130-1,YSDG1301,,2843,3391,2,241,2,,,,,,,TRUE,,,,,,,3431,,2,,
2555,YSD-G-035-2,YSDG0352,,2833,3380,2,241,2,,,,,,,TRUE,,,,,,,3420,,2,,
2556,YSD-G-050-2,YSDG0502,,2837,3384,2,241,2,,,,,,,TRUE,,,,,,,3424,,2,,
2557,YSD-G-030-2,YSDG0302,,2831,3378,2,241,2,,,,,,,TRUE,,,,,,,3418,,2,,
2558,YSD-G-040-2,YSDG0402,,2835,3382,2,241,2,,,,,,,TRUE,,,,,,,3422,,2,,
2559,YSD-Z-60,YSDZ60,,2854,3423,2,241,2,,,,,,,TRUE,,,,,,,3462,,2,,
2560,YSD-F-050-1,YSDF0501,,2819,3366,2,241,2,,,,,,,TRUE,,,,,,,3406,,2,,
2561,YSD-Z-100-1,YSDZ1001,,2850,3419,2,241,2,,,,,,,TRUE,,,,,,,3459,,2,,
2562,YSD-F-200-2B,YSDF2002B,,2825,3372,2,241,2,,,,,,,TRUE,,,,,,,3412,,2,,
2563,YSD-G-040-1,YSDG0401,,2834,3381,2,243,2,,,,,,,TRUE,,,,,,,3421,,2,,
2564,YSD-G-080-1,YSDG0801,,2842,3389,2,243,2,,,,,,,TRUE,,,,,,,3429,,2,,
2565,YSD-G-070-1,YSDG0701,,2841,3388,2,243,2,,,,,,,TRUE,,,,,,,3428,,2,,
2566,YSD-G-025-2,YSDG0252,,2829,3376,2,243,2,,,,,,,TRUE,,,,,,,3416,,2,,
2567,YSD-G-030-1,YSDG0301,,2830,3377,2,243,2,,,,,,,TRUE,,,,,,,3417,,2,,
2568,YSD-A-020-2,YSDA0202,,2793,3335,2,243,2,,,,,,,TRUE,,,,,,,3375,,2,,
2569,YSD-A-010-1,YSDA0101,,2786,3328,2,243,2,,,,,,,TRUE,,,,,,,3368,,2,,
2570,YSD-F-015-1,YSDF0151,,2814,3361,2,243,2,,,,,,,TRUE,,,,,,,3401,,2,,
2571,YSD-Z-050-1,YSDZ0501,,2846,3412,2,243,2,,,,,,,TRUE,,,,,,,3452,,2,,
2572,YSD-F-040-1,YSDF0401,,2817,3364,2,243,2,,,,,,,TRUE,,,,,,,3404,,2,,
2573,YSD-A-028-1,YSDA0281,,2796,3338,2,243,2,,,,,,,TRUE,,,,,,,3378,,2,,
2574,YSD-A-018-1,YSDA0181,,2792,3334,2,243,2,,,,,,,TRUE,,,,,,,3374,,2,,
2575,YSD-A-015-1,YSDA0151,,2790,3332,2,243,2,,,,,,,TRUE,,,,,,,3372,,2,,
2576,YSD-A-012-2,YSDA0122,,2788,3330,2,243,2,,,,,,,TRUE,,,,,,,3370,,2,,
2577,YSD-F-100-1,YSDF1001,,2821,3368,2,243,2,,,,,,,TRUE,,,,,,,3408,,2,,
2578,YSD-Z-050-2,YSDZ0502,,2847,3413,2,242,2,,,,,,,TRUE,,,,,,,3453,,2,,
2579,YSD-F-045-1,YSDF0451,,2818,3365,2,242,2,,,,,,,TRUE,,,,,,,3405,,2,,
2580,YSD-F-080-1,YSDF0801,,2820,3367,2,242,2,,,,,,,TRUE,,,,,,,3407,,2,,
2581,YSD-F-030-1,YSDF0301,,2816,3363,2,242,2,,,,,,,TRUE,,,,,,,3403,,2,,
2582,YSD-F-150-1,YSDF1501,,2823,3370,2,242,2,,,,,,,TRUE,,,,,,,3410,,2,,
2583,YSD-Z-080-1,YSDZ0801,,2849,3418,2,242,2,,,,,,,TRUE,,,,,,,3458,,2,,
2584,YSD-A-060-1,YSDA0601,,2802,3345,2,242,2,,,,,,,TRUE,,,,,,,3385,,2,,
2585,YSD-D-025-1,YSDD0251,,2808,3353,2,242,2,,,,,,,TRUE,,,,,,,3393,,2,,
2586,YSD-A-120-1,YSDA1201,,2805,3349,2,242,2,,,,,,,TRUE,,,,,,,3389,,2,,
2587,YSD-G-050-3,YSDG0503,,2838,3385,2,242,2,,,,,,,TRUE,,,,,,,3425,,2,,
2588,YSD-G-010-1,YSDG0101,,2826,3373,2,242,2,,,,,,,TRUE,,,,,,,3413,,2,,
2589,YSD-G-060-1,YSDG0601,,2839,3386,2,242,2,,,,,,,TRUE,,,,,,,3426,,2,,
2590,YSD-G-020-3,YSDG0203,,2828,3375,2,242,2,,,,,,,TRUE,,,,,,,3415,,2,,
2591,YSD-G-060-2,YSDG0602,,2840,3387,2,242,2,,,,,,,TRUE,,,,,,,3427,,2,,
2592,YSD-Z-013-1,YSDZ0131,,2844,3406,2,242,2,,,,,,,TRUE,,,,,,,3446,,2,,
2593,YSD-F-200-1,YSDF2001,,2824,3371,2,244,2,,,,,,,TRUE,,,,,,,3411,,2,,
2594,YSD-A-024-1,YSDA0241,,2794,3336,2,244,2,,,,,,,TRUE,,,,,,,3376,,2,,
2595,YSD-A-075-2 (PP),YSDA0752(PP),,74,3348,2,244,2,,,,,,,TRUE,,,,,,,3388,,2,,
2596,YSD-F-025-1,YSDF0251,,2815,3362,2,244,2,,,,,,,TRUE,,,,,,,3402,,2,,
2597,YSD-A-032-1,YSDA0321,,2798,3340,2,244,2,,,,,,,TRUE,,,,,,,3380,,2,,
2598,YSD-F-120-1,YSDF1201,,2822,3369,2,244,2,,,,,,,TRUE,,,,,,,3409,,2,,
2599,YSD-A-075-1,YSDA0751,,2803,3346,2,244,2,,,,,,,TRUE,,,,,,,3386,,2,,
2600,YSD-A-025-1,YSDA0251,,2795,3337,2,244,2,,,,,,,TRUE,,,,,,,3377,,2,,
2601,YSD-A-030-1,YSDA0301,,2797,3339,2,244,2,,,,,,,TRUE,,,,,,,3379,,2,,
2602,YSD-A-040-1,YSDA0401,,2800,3343,2,244,2,,,,,,,TRUE,,,,,,,3383,,2,,
2603,YSD-Z-030-1,YSDZ0301,,2845,3411,2,244,2,,,,,,,TRUE,,,,,,,3451,,2,,
2604,YSD-Z-060-2,YSDZ0602,,2848,3417,2,244,2,,,,,,,TRUE,,,,,,,3457,,2,,
2605,YSD-D-020-1,YSDD0201,,2807,3352,2,245,2,,,,,,,TRUE,,,,,,,3392,,2,,
2606,YSD-D-050-1,YSDD0501,,2811,3356,2,245,2,,,,,,,TRUE,,,,,,,3396,,2,,
2607,YSD-D-100-1,YSDD1001,,2812,3357,2,245,2,,,,,,,TRUE,,,,,,,3397,,2,,
2608,TCB-003,TCB003,,1993,2351,2,245,2,,,,,,,TRUE,,,,,,,2414,,2,,
2609,YSD-D-030-1,YSDD0301,,2809,3354,2,245,2,,,,,,,TRUE,,,,,,,3394,,2,,
2610,YSD-A-045-1,YSDA0451,,2801,3344,2,245,2,,,,,,,TRUE,,,,,,,3384,,2,,
2611,YSD-D-040-1,YSDD0401,,2810,3355,2,245,2,,,,,,,TRUE,,,,,,,3395,,2,,
2612,YSD-A-036-1,YSDA0361,,2799,3342,2,245,2,,,,,,,TRUE,,,,,,,3382,,2,,
2613,YSD-G-035-1,YSDG0351,,2832,3379,2,245,2,,,,,,,TRUE,,,,,,,3419,,2,,
2614,YSD-A-012-1,YSDA0121,,2787,3329,2,245,2,,,,,,,TRUE,,,,,,,3369,,2,,
2615,YSD-A-016-1,YSDA0161,,2791,3333,2,245,2,,,,,,,TRUE,,,,,,,3373,,2,,
2616,YSD-D-100-2,YSDD1002,,2813,3358,2,245,2,,,,,,,TRUE,,,,,,,3398,,2,,
2617,YSD-A-014-1,YSDA0141,,2789,3331,2,245,2,,,,,,,TRUE,,,,,,,3371,,2,,
2618,NPC-014,NPC014,,1457,1676,2,604,2,,,,,,,TRUE,,,,,,,1753,,2,,
2619,ODS-054,ODS054,,1546,1775,2,255,2,,,,,,,TRUE,,,,,,,1851,,2,,
2620,NPC-013,NPC013,,1456,1675,2,255,2,,,,,,,TRUE,,,,,,,1752,,2,,
2621,ODS-055,ODS055,,1547,1776,2,255,2,,,,,,,TRUE,394,,,,,,1852,,2,,
2622,TCB-002,TCB002,,1992,2350,2,255,2,,,,,,,TRUE,,,,,,,2413,,2,,
2623,TCB-001,TCB001,,1991,2349,2,255,2,,,,,,,TRUE,,,,,,,2412,,2,,
2624,NPC-011,NPC011,,1455,1674,2,255,2,,,,,,,TRUE,,,,,,,1751,,2,,
2625,No Name-台湾機用,NoName台湾機用,,1453,1672,2,255,2,,,,,,,TRUE,,,,,,,1749,,2,,
2626,ODS-031,ODS031,,1532,1756,2,254,2,,,,,,,TRUE,,,,,,,1832,,2,,
2627,ODS-012,ODS012,,1516,1740,2,254,2,,,,,,,TRUE,,,,,,,1816,,2,,
2628,ODS-010,ODS010,,1515,1739,2,254,2,,,,,60-01300,,TRUE,,,,,,,1815,,2,,
2629,ODS-032,ODS032,,1533,1757,2,254,2,,,,,,,TRUE,,,,,,,1833,,2,,
2630,ODS-051,ODS051,,1543,1771,2,254,2,,,,,,,TRUE,,,,,,,1847,,2,,
2631,ODS-041,ODS041,,1539,1765,2,254,2,,,,,,,TRUE,,,,,,,1841,,2,,
2632,ODS-029,ODS029,,1530,1754,2,254,2,,,,,坂田精文堂・図面確認依頼,,TRUE,,,,,,,1830,,2,,
2633,ODS-015,ODS015,,1518,1742,2,254,2,,,,,,,TRUE,,,,,,,1818,,2,,
2634,ODS-021,ODS021,,1523,1747,2,254,2,,,,,,,TRUE,,,,,,,1823,,2,,
2635,ODS-001,ODS001,,1514,1738,2,254,2,,,,,,,TRUE,,,,,,,1814,,2,,
2636,ODS-022,ODS022,,1524,1748,2,254,2,,,,,,,TRUE,,,,,,,1824,,2,,
2637,ODS-016,ODS016,,1519,1743,2,254,2,,,,,,,TRUE,,,,,,,1819,,2,,
2638,ODS-019,ODS019,,1522,1746,2,253,2,,,,,,,TRUE,,,,,,,1822,,2,,
2639,ODS-023,ODS023,,1525,1749,2,253,2,,,,,,,TRUE,,,,,,,1825,,2,,
2640,ODS-025,ODS025,,1526,1750,2,253,2,,,,,,,TRUE,,,,,,,1826,,2,,
2641,ODS-045,ODS045,,1541,1769,2,253,2,,,,,,,TRUE,,,,,,,1845,,2,,
2642,ODS-037,ODS037,,1536,1761,2,253,2,,,,,,,TRUE,,,,,,,1837,,2,,
2643,ODS-048,ODS048,,1542,1770,2,253,2,,,,,,,TRUE,,,,,,,1846,,2,,
2644,ODS-052,ODS052,,1544,1772,2,253,2,,,,,,,TRUE,,,,,,,1848,,2,,
2645,ODS-040,ODS040,,1538,1764,2,253,2,,,,,,,TRUE,,,,,,,1840,,2,,
2646,ODS-018R,ODS018R,,1521,1745,2,253,2,,,,,,,TRUE,,,,,,,1821,,2,,
2647,EXD-035,EXD035,,489,500,2,252,2,,,,,,,TRUE,,,,,,,265,,2,,
2648,EXD-032,EXD032,,487,498,2,281,2,,,,,,,TRUE,,,,,,,263,,2,,
2649,EXD-029R,EXD029R,,484,495,2,252,2,,,,,,,TRUE,,,,,,,260,,2,,
2650,EXD-031,EXD031,,486,497,2,281,2,,,,,,,TRUE,,,,,,,262,,2,,
2651,EXD-034,EXD034,,488,499,2,252,2,,,,,,,TRUE,,,,,,,264,,2,,
2652,EXD-017,EXD017,,477,487,2,252,2,,,,,,,TRUE,,,,,,,253,,2,,
2653,EXD-030,EXD030,,485,496,2,252,2,,,,,,,TRUE,,,,,,,261,,2,,
2654,EXD-036,EXD036,,490,501,2,252,2,,,,,,,TRUE,,,,,,,266,,2,,
2655,EXD-003,EXD003,,470,480,2,281,2,,,,,,,TRUE,,,,,,,246,,2,,
2656,EXD-040,EXD040,,493,504,2,252,2,,,,,,,TRUE,,,,,,,269,,2,,
2657,ODS-013,ODS013,,1517,1741,2,252,2,,,,,,,TRUE,,,,,,,1817,,2,,
2658,ODS-030,ODS030,,1531,1755,2,252,2,,,,,,,TRUE,,,,,,,1831,,2,,
2659,ODS-035,ODS035,,1535,1760,2,252,2,,,,,,,TRUE,,,,,,,1836,,2,,
2660,ODS-034,ODS034,,1534,1759,2,252,2,,,,,,,TRUE,,,,,,,1835,,2,,
2661,EXD-037,EXD037,,491,502,2,251,2,,,,,,,TRUE,,,,,,,267,,2,,
2662,EXD-021,EXD021,,1453,1648,2,251,2,,,,,サイズ＝EXD038,,TRUE,,,,,,,1725,,2,,
2663,EXD-038,EXD038,,492,503,2,251,2,,,,,,,TRUE,,,,,,,268,,2,,
2664,EXD-013,EXD013,,475,485,2,251,2,,,,,,,TRUE,,,,,,,251,,2,,
2665,EXD-028,EXD028,,483,494,2,281,2,,,,,,,TRUE,,,,,,,259,,2,,
2666,EXD-008,EXD008,,472,482,2,281,2,,,,,,,TRUE,,,,,,,248,,2,,
2667,EXD-009R,EXD009R,,473,483,2,251,2,,,,,,,TRUE,,,,,,,249,,2,,
2668,EXD-020,EXD020,,479,490,2,251,2,,,,,,,TRUE,,,,,,,255,,2,,
2669,EXD-014,EXD014,,476,486,2,251,2,,,,,,,TRUE,,,,,,,252,,2,,
2670,EXD-027,EXD027,,482,493,2,251,2,,,,,,,TRUE,,,,,,,258,,2,,
2671,EXD-025,EXD025,,480,491,2,251,2,,,,,,,TRUE,,,,,,,256,,2,,
2672,No Name-(大）,NoName(大）,,1453,1649,2,240,2,,,,,,,TRUE,,,,,,,1726,,2,,
2673,KDS-138,KDS138,,896,952,2,263,2,,,,,,,TRUE,299,,,,,,1032,,2,,
2674,KDS-112,KDS112,,875,931,2,263,2,,,,,,,TRUE,,,,,,,1011,,2,,
2675,KDS-119,KDS119,,881,937,2,260,2,,,,,,,TRUE,,,,,,,1017,,2,,
2676,KDS-044 R,KDS044R,,834,4599,2,240,2,,,,,,,TRUE,,,,,,,4551,,2,,
2677,KDS-125,KDS125,,885,941,2,260,2,,,,,,,TRUE,,,,,,,1021,,2,,
2678,KDS-113,KDS113,,876,932,2,260,2,,,,,,,TRUE,,,,,,,1012,,2,,
2679,KDS-114,KDS114,,877,933,2,260,2,,,,,,,TRUE,,,,,,,1013,,2,,
2680,KSP-181,KSP181,,1125,1251,2,240,2,,,,,,,TRUE,,,,,,,1329,,2,,
2681,KDS-105,KDS105,,868,924,2,262,2,,,,,,,TRUE,,,,,,,1004,,2,,
2682,KDS-133,KDS133,,892,948,2,263,2,,,,,,,TRUE,,,,,,,1028,,2,,
2683,KDS-131,KDS131,,890,946,2,260,2,,,,,,,TRUE,,,,,,,1026,,2,,
2684,KDS-106,KDS106,,869,925,2,262,2,,,,,,,TRUE,,,,,,,1005,,2,,
2685,KDS-123,KDS123,,884,940,2,261,2,,,,,坂田精文堂・図面確認依頼,,TRUE,,,,,,,1020,,2,,
2686,KDS-081,KDS081,,853,908,2,261,2,,,,,,,TRUE,,,,,,,988,,2,,
2687,KDS-074,KDS074,,849,904,2,261,2,,,,,,,TRUE,,,,,,,984,,2,,
2688,KDS-108,KDS108,,871,927,2,263,2,,,,,,,TRUE,,,,,,,1007,,2,,
2689,KDS-115,KDS115,,878,934,2,261,2,,,,,,,TRUE,,,,,,,1014,,2,,
2690,KDS-093,KDS093,,859,914,2,261,2,,,,,,,TRUE,,,,,,,994,,2,,
2691,KDS-101,KDS101,,865,920,2,261,2,,,,,,,TRUE,,,,,,,1000,,2,,
2692,KDS-064,KDS064,,843,896,2,261,2,,,,,,,TRUE,,,,,,,976,,2,,
2693,KDS-118,KDS118,,880,936,2,264,2,,,,,,,TRUE,,,,,,,1016,,2,,
2694,KDS-109,KDS109,,872,928,2,263,2,,,,,,,TRUE,,,,,,,1008,,2,,
2695,KDS-110,KDS110,,873,929,2,263,2,,,,,,,TRUE,,,,,,,1009,,2,,
2696,KDS-130,KDS130,,889,945,2,261,2,,,,,,,TRUE,,,,,,,1025,,2,,
2697,KDS-127,KDS127,,887,943,2,264,2,,,,,,,TRUE,,,,,,,1023,,2,,
2698,KDS-120,KDS120,,882,938,2,262,2,,,,,彫刻改造有,,TRUE,293,,,,,,1018,,2,,
2699,KDS-111,KDS111,,874,930,2,263,2,,,,,,,TRUE,,,,,,,1010,,2,,
2700,KDS-047,KDS047,,835,886,2,261,2,,,,,,,TRUE,,,,,,,966,,2,,
2701,KDS-075,KDS075,,850,905,2,261,2,,,,,,,TRUE,,,,,,,985,,2,,
2702,KDS-107,KDS107,,870,926,2,262,2,,,,,,,TRUE,,,,,,,1006,,2,,
2704,KDS-100,KDS100,,864,919,2,262,2,,,,,,,TRUE,,,,,,,999,,2,,
2705,KDS-102,KDS102,,866,921,2,262,2,,,,,,,TRUE,,,,,,,1001,,2,,
2706,KDS-103,KDS103,,867,922,2,262,2,,,,,,,TRUE,,,,,,,1002,,2,,
2707,KDS-096,KDS096,,862,917,2,264,2,,,,,,,TRUE,,,,,,,997,,2,,
2708,KDS-098,KDS098,,863,918,2,262,2,,,,,,,TRUE,,,,,,,998,,2,,
2709,KDS-088,KDS088,,855,910,2,262,2,,,,,,,TRUE,,,,,,,990,,2,,
2710,KDS-087,KDS087,,854,909,2,262,2,,,,,,,TRUE,,,,,,,989,,2,,
2711,KDS-089,KDS089,,856,911,2,262,2,,,,,,,TRUE,,,,,,,991,,2,,
2712,KDS-073,KDS073,,848,903,2,264,2,,,,,,,TRUE,,,,,,,983,,2,,
2713,KDS-122,KDS122,,883,939,2,264,2,,,,,,,TRUE,294,,,,,,1019,,2,,
2714,KDS-063,KDS063,,842,895,2,264,2,,,,,,,TRUE,,,,,,,975,,2,,
2715,KDS-129,KDS129,,888,944,2,264,2,,,,,,,TRUE,,,,,,,1024,,2,,
2716,KDS-095,KDS095,,861,916,2,264,2,,,,,,,TRUE,,,,,,,996,,2,,
2717,KDS-094,KDS094,,860,915,2,264,2,,,,,,,TRUE,,,,,,,995,,2,,
2718,KDS-126,KDS126,,886,942,2,264,2,,,,,,,TRUE,,,,,,,1022,,2,,
2719,KDS-052,KDS052,,838,889,2,265,2,,,,,,,TRUE,,,,,,,969,,2,,
2720,KDS-136,KDS136,,895,951,2,263,2,,,,,,,TRUE,298,,,,,,1031,,2,,
2721,KDS-132,KDS132,,891,947,2,263,2,,,,,,,TRUE,,,,,,,1027,,2,,
2722,KDS-116,KDS116,,879,935,2,265,2,,,,,,,TRUE,,,,,,,1015,,2,,
2723,KDS-071,KDS071,,847,902,2,265,2,,,,,,,TRUE,,,,,,,982,,2,,
2724,KDS-053,KDS053,,839,890,2,265,2,,,,,,,TRUE,,,,,,,970,,2,,
2726,IMT-003,IMT003,,588,595,2,265,2,,,,,,,TRUE,,,,,,,688,,2,,
2727,IMT-002,IMT002,,587,594,2,265,2,,,,,,,TRUE,,,,,,,687,,2,,
2728,IMT-001,IMT001,,586,593,2,265,2,,,,,,,TRUE,,,,,,,686,,2,,
2729,KSP-178,KSP178,,1122,1248,2,271,2,,,,,,,TRUE,,,,,,,1326,,2,,
2730,KSP-187,KSP187,,1131,1257,2,271,2,,,,,,,TRUE,,,,,,,1335,,2,,
2731,KSP-198,KSP198,,1142,1268,2,271,2,,,,,,,TRUE,,,,,,,1346,,2,,
2732,TE-1-055-9,TE10559,,2101,2471,1,0,2,,,,,[旧RackLayer 702] 茨城工場,,TRUE,,,,,,,2532,,1,,
2733,TE-9-056-2,TE90562,,4311,2927,2,271,2,,,,,指示書無,,TRUE,,,,,,,2984,,2,,
2734,KSP-183,KSP183,,1127,1253,2,271,2,,,,,,,TRUE,,,,,,,1331,,2,,
2735,KSP-197,KSP197,,1141,1267,2,271,2,,,,,,,TRUE,,,,,,,1345,,2,,
2736,KSP-196,KSP196,,1140,1266,2,271,2,,,,,,,TRUE,,,,,,,1344,,2,,
2737,KSP-202,KSP202,,1146,1272,2,271,2,,,,,,,TRUE,,,,,,,1350,,2,,
2738,KSP-199,KSP199,,1143,1269,2,271,2,,,,,,,TRUE,,,,,,,1347,,2,,
2739,KSP-103,KSP103,,1064,1184,2,291,2,,,,,,,TRUE,,,,,,,1262,,2,,
2740,KSP-149,KSP149,,1097,1221,2,291,2,,,,,,,TRUE,,,,廃棄済,8/21/2024,,1299,,2,,
2741,KSP-111,KSP111,,1072,1193,2,272,2,,,,,,,TRUE,,,,,,,1271,,2,,
2742,KSP-102,KSP102,,1063,1183,2,291,2,,,,,,,TRUE,,,,,,,1261,,2,,
2743,KSP-148,KSP148,,1096,1220,2,291,2,,,,,,,TRUE,,,,廃棄済,8/21/2024,,1298,,2,,
2744,KSP-069,KSP069,,1034,1152,2,291,2,,,,,,,TRUE,,,,,,,1230,,2,,
2745,KSP-077,KSP077,,1041,1160,2,291,2,,,,,,,TRUE,,,,,,,1238,,2,,
2746,KSP-073,KSP073,,1038,1156,2,291,2,,,,,,,TRUE,,,,,,,1234,,2,,
2747,KSP-105R,KSP105R,,4000,1187,2,272,2,,,,,,,TRUE,,,,,,,1265,,2,,
2748,KSP-173,KSP173,,1117,1243,2,272,2,,,,,,,TRUE,,,,,,,1321,,2,,
2749,KSP-166,KSP166,,1111,1236,2,272,2,,,,,,,TRUE,,,,,,,1314,,2,,
2750,KSP-185,KSP185,,1129,1255,2,272,2,,,,,,,TRUE,,,,,,,1333,,2,,
2751,KSP-152,KSP152,,1100,1224,2,272,2,,,,,,,TRUE,,,,,,,1302,,2,,
2752,KSP-180,KSP180,,1124,1250,2,272,2,,,,,,,TRUE,,,,,,,1328,,2,,
2753,KSP-177,KSP177,,1121,1247,2,272,2,,,,,,,TRUE,,,,,,,1325,,2,,
2754,KSP-192,KSP192,,1136,1262,2,272,2,,,,,,,TRUE,,,,,,,1340,,2,,
2755,KSP-193,KSP193,,1137,1263,2,272,2,,,,,,,TRUE,,,,,,,1341,,2,,
2756,KSP-194,KSP194,,1138,1264,2,272,2,,,,,,,TRUE,,,,,,,1342,,2,,
2757,KSP-188,KSP188,,1132,1258,2,272,2,,,,,,,TRUE,,,,,,,1336,,2,,
2758,KSP-191,KSP191,,1135,1261,2,272,2,,,,,,,TRUE,,,,,,,1339,,2,,
2759,KSP-207,KSP207,,1151,1278,2,272,2,,,,,,,TRUE,,,,,,,1356,,2,,
2760,KSP-299,KSP299,,1152,1279,2,272,2,,,,,,,TRUE,,,,,,,1357,,2,,
2761,KSP-201,KSP201,,1145,1271,2,272,2,,,,,,,TRUE,,,,,,,1349,,2,,
2762,KSP-203,KSP203,,1147,1273,2,272,2,,,,,,,TRUE,,,,,,,1351,,2,,
2763,KSP-156,KSP156,,1103,1227,2,273,2,,,,,,,TRUE,,,,,,,1305,,2,,
2764,KSP-153,KSP153,,1101,1225,2,273,2,,,,,,,TRUE,,,,,,,1303,,2,,
2765,KSP-172,KSP172,,1116,1242,2,273,2,,,,,,,TRUE,,,,,,,1320,,2,,
2766,KSP-160,KSP160,,1106,1231,2,273,2,,,,,,,TRUE,,,,,,,1309,,2,,
2767,KSP-165,KSP165,,1110,1235,2,273,2,,,,,,,TRUE,,,,,,,1313,,2,,
2768,KSP-174,KSP174,,1118,1244,2,273,2,,,,,,,TRUE,,,,,,,1322,,2,,
2769,KSP-175,KSP175,,1119,1245,2,273,2,,,,,,,TRUE,,,,,,,1323,,2,,
2770,KSP-169,KSP169,,1113,1239,2,273,2,,,,,,,TRUE,,,,,,,1317,,2,,
2771,KSP-167,KSP167,,1112,1237,2,273,2,,,,,,,TRUE,,,,,,,1315,,2,,
2772,KSP-190,KSP190,,1134,1260,2,273,2,,,,,,,TRUE,,,,,,,1338,,2,,
2773,KSP-157,KSP157,,1104,1228,2,273,2,,,,,,,TRUE,,,,,,,1306,,2,,
2774,KSP-176,KSP176,,1120,1246,2,273,2,,,,,,,TRUE,,,,,,,1324,,2,,
2775,KSP-195,KSP195,,1139,1265,2,273,2,,,,,,,TRUE,,,,,,,1343,,2,,
2776,KSP-189,KSP189,,1133,1259,2,273,2,,,,,,,TRUE,,,,,,,1337,,2,,
2777,KSP-179,KSP179,,1123,1249,2,273,2,,,,,,,TRUE,,,,,,,1327,,2,,
2778,KSP-161,KSP161,,1107,1232,2,273,2,,,,,,,TRUE,,,,,,,1310,,2,,
2779,KSP-162,KSP162,,1108,1233,2,273,2,,,,,,,TRUE,,,,,,,1311,,2,,
2780,KSP-No Name,KSPNoName,,4007,1282,2,273,2,,,,,,,TRUE,,,,,,,1360,,2,,
2781,KSP-145,KSP145,,1093,1217,2,273,2,,,,,,,TRUE,,,,,,,1295,,2,,
2782,KSP-163,KSP163,,1109,1234,2,273,2,,,,,,,TRUE,,,,,,,1312,,2,,
2783,KSP-146,KSP146,,1094,1218,2,273,2,,,,,,,TRUE,,,,,,,1296,,2,,
2784,KSP-091,KSP091,,1053,1173,2,273,2,,,,,,,TRUE,,,,,,,1251,,2,,
2785,KSP-155,KSP155,,1102,1226,2,273,2,,,,,,,TRUE,,,,,,,1304,,2,,
2786,KSP-151,KSP151,,1099,1223,2,273,2,,,,,,,TRUE,,,,,,,1301,,2,,
2787,KSP-137,KSP137,,1087,1211,2,273,2,,,,,,,TRUE,,,,,,,1289,,2,,
2788,KSP-143,KSP143,,1091,1215,2,291,2,,,,,,,TRUE,,,,,,,1293,,2,,
2789,KSP-134,KSP134,,1085,1208,2,273,2,,,,,,,TRUE,,,,,,,1286,,2,,
2790,SK-043T,SK043T,,1773,2050,2,274,2,,,,,,,TRUE,,,,,,,2121,,2,,
2791,SK-030,SK030,,1770,2045,2,274,2,,,,,,,TRUE,,,,,,,2116,,2,,
2792,SK-031,SK031,,1771,2046,2,274,2,,,,,,,TRUE,,,,,,,2117,,2,,
2793,SK-029,SK029,,1769,2044,2,274,2,,,,,,,TRUE,,,,,,,2115,,2,,
2794,SK-024T,SK024T,,1767,2042,2,274,2,,,,,,,TRUE,,,,,,,2113,,2,,
2795,SK-024B,SK024B,,1767,2041,2,274,2,,,,,,,TRUE,,,,,,,2112,,2,,
2796,SK-007,SK007,,1759,2032,2,274,2,,,,,,,TRUE,,,,,,,2103,,2,,
2797,SK-043B,SK043B,,1773,2049,2,274,2,,,,,,,TRUE,,,,,,,2120,,2,,
2798,SK-010,SK010,,1761,2035,2,274,2,,,,,,,TRUE,,,,,,,2106,,2,,
2799,SK-037,SK037,,1772,2047,2,274,2,,,,,,,TRUE,,,,,,,2118,,2,,
2800,KSP-158,KSP158,,1105,1229,2,274,2,,,,,,,TRUE,,,,,,,1307,,2,,
2801,SK-008,SK008,,1760,2033,2,274,2,,,,,,,TRUE,,,,,,,2104,,2,,
2802,KSP-071,KSP071,,1036,1154,2,274,2,,,,,,,TRUE,,,,,,,1232,,2,,
2803,KSP-135,KSP135,,1086,1209,2,274,2,,,,,,,TRUE,,,,,,,1287,,2,,
2804,KSP-062,KSP062,,1032,1147,2,291,2,,,,,,,TRUE,,,,,,,1225,,2,,
2805,KSP-147,KSP147,,1095,1219,2,291,2,,,,,,,TRUE,,,,廃棄済,8/21/2024,,1297,,2,,
2806,KSP-142,KSP142,,1090,1214,2,274,2,,,,,,,TRUE,,,,,,,1292,,2,,
2807,KSP-144,KSP144,,1092,1216,2,274,2,,,,,,,TRUE,,,,,,,1294,,2,,
2808,KSP-186,KSP186,,1130,1256,2,274,2,,,,,,,TRUE,,,,,,,1334,,2,,
2809,KSP-184,KSP184,,1128,1254,2,274,2,,,,,,,TRUE,,,,,,,1332,,2,,
2810,KSP-182,KSP182,,1126,1252,2,274,2,,,,,,,TRUE,,,,,,,1330,,2,,
2811,KSP-170,KSP170,,1114,1240,2,274,2,,,,,,,TRUE,,,,,,,1318,,2,,
2812,KSP-150,KSP150,,1098,1222,2,274,2,,,,,,,TRUE,,,,,,,1300,,2,,
2815,DIC-148,DIC148,,400,397,3,0,2,,,,,坂田精文堂2024.5.15 | [旧RackLayer 703] 坂田精文堂,,TRUE,,,,,,,570,,3,,
2817,MMT-016,MMT016,,1238,1376,2,43,2,,,,,,,TRUE,,,,,,,1454,,2,,
2819,TE-2423252-1 R3,TE24232521R3,,11,2623,2,163,2,,,,,,,TRUE,,,,,,4/15/2024,2683,,2,,
2820,TE-2423252-2 R5,TE24232522R5,,12,2629,2,163,2,,,,,,,TRUE,,,,,,,2688,,2,,
2821,TE-2423252-3 R3,TE24232523R3,,13,2633,2,163,2,,,,,,,TRUE,26,,,,,,2692,,2,,
2822,JAE-264,JAE264,,754,788,3,0,2,,,,,坂田工場2024.4.24 | [旧RackLayer 703] 坂田精文堂,,TRUE,,,,,,,879,,3,,
2826,STF-010,STF010,,1941,2295,2,22,2,,,,,②-2,,TRUE,,,,,,,2358,,2,,
2827,TE-8-162-4 PP,TE81624PP,,2448,2919,2,164,2,,,,,新規2024.5　小比類巻さん,,TRUE,94,,,,,,2976,,2,,
2828,YSD-Z-020-1,YSDZ0201,,2921,3410,2,700,2,,,,,新規2024.5,,TRUE,613,,,,,,3450,新規金型,2,,
2829,YSD-Z-050-3,YSDZ0503,,2922,3416,2,700,2,,,,,新規2024.5,,TRUE,615,,,,,,3456,新規金型,2,,
2830,YSD-Z-100-2,YSDZ1002,,2851,3422,2,700,2,,,,,新規2024.5,,TRUE,620,,,,,,3461,新規金型,2,,
2831,TH-017B,TH017B,,4441,3022,,704,2,,,,,廃棄済2024.3.27,,TRUE,,,,,,,3076,廃棄済,,,
2832,TH-018B,TH018B,,4442,3024,,704,2,,,,,廃棄済2024.3.27,,TRUE,,,,,,,3078,廃棄済,,,
2834,TH-018PS,TH018PS,,4442,3025,,704,2,,,,,廃棄済2024.3.27,,TRUE,,,,,,,3079,廃棄済,,,
2835,TH-019BM,TH019BM,,4443,3027,,704,2,,,,,廃棄済2024.3.27,,TRUE,,,,,,,3081,廃棄済,,,
2836,TH-022,TH022,,4444,3574,,704,2,,,,,廃棄済2024.3.27,,TRUE,,,,,,,3603,廃棄済,,,
2837,TH-022B,TH022B,,4444,3575,,704,2,,,,,廃棄済2024.3.27,,TRUE,,,,,,,3604,廃棄済,,,
2838,TH-024,TH024,,4434,3032,,704,2,,,,,廃棄済2024.3.27,,TRUE,,,,,,,3085,廃棄済,,,
2839,TH-026,TH026,,4446,3578,,704,2,,,,,廃棄済2024.3.27,,TRUE,,,,,,,3605,廃棄済,,,
2840,TH-030,TH030,,4447,3579,,704,2,,,,,廃棄済2024.3.27,,TRUE,,,,,,,3606,廃棄済,,,
2841,TH-034,TH034,,4448,3580,,704,2,,,,,廃棄済2024.3.27,,TRUE,,,,,,,3607,廃棄済,,,
2842,TH-035,TH035,,4450,3581,,704,2,,,,,廃棄済2024.3.27,,TRUE,,,,,,,3608,廃棄済,,,
2843,TH-037,TH037,,4451,3582,,704,2,,,,,廃棄済2024.3.27,,TRUE,,,,,,,3609,廃棄済,,,
2844,TH-038,TH038,,4452,3583,,704,2,,,,,廃棄済2024.3.27,,TRUE,,,,,,,3610,廃棄済,,,
2845,TH-039,TH039,,4453,3584,,704,2,,,,,廃棄済2024.3.27,,TRUE,,,,,,,3611,廃棄済,,,
2846,TH-040,TH040,,4454,3585,,704,2,,,,,廃棄済2024.3.27,,TRUE,,,,,,,3612,廃棄済,,,
2847,TH-043,TH043,,4455,3586,,704,2,,,,,廃棄済2024.3.27,,TRUE,,,,,,,3613,廃棄済,,,
2848,TH-044,TH044,,4456,3587,,704,2,,,,,廃棄済2024.3.27,,TRUE,,,,,,,3614,廃棄済,,,
2849,TH-046,TH046,,4457,3588,,704,2,,,,,廃棄済2024.3.27,,TRUE,,,,,,,3615,廃棄済,,,
2850,TH-049,TH049,,4458,3589,,704,2,,,,,廃棄済2024.3.27廃棄済2024.3.27,,TRUE,,,,,,,3616,廃棄済,,,
2851,ATS-030,ATS030,,239,219,2,93,2,,,,,,,TRUE,,,,,,,396,,2,,
2856,TE-0-141-4,TE01414,,2060,2425,4,0,2,,,,,日三化成 | [旧RackLayer 701] 日三化成,,TRUE,,,,,,,2486,,4,,
2857,TE-0-161-7,TE01617,,2069,2437,4,0,2,,,,,日三化成 | [旧RackLayer 701] 日三化成,,TRUE,,,,,,,2498,,4,,
2858,TE-0-161-8,TE01618,,2070,2438,4,0,2,,,,,日三化成 | [旧RackLayer 701] 日三化成,,TRUE,,,,,,,2499,,4,,
2859,TE-1-162-2 R,TE11622R,,2137,2516,4,0,2,,,,,日三化成20210729 | [旧RackLayer 701] 日三化成,,TRUE,,,,,,,2577,,4,,
2860,TE-2486848-1,TE24868481,,34,2662,1,0,2,,,,,2024.5　坂田精文堂 | [旧RackLayer 702] 茨城工場,,TRUE,54,,,,,,2721,,1,,
2861,TE-2486848-2,TE24868482,,35,2663,1,0,2,,,,,2024.5　坂田精文堂 | [旧RackLayer 702] 茨城工場,,TRUE,55,,,,,,2722,,1,,
2862,YSR-010,YSR010,,2908,3477,2,282,2,,,,,,,TRUE,,,,,,,3516,,2,,
2865,JAE-313 R1,JAE313R1,,802,845,2,122,2,,,,,,,TRUE,279,,,,,,928,,2,,
2866,ADY-125,ADY125,,141,110,2,125,2,,,,,,,TRUE,116,,,,,,288,,2,,
2867,JAE-315 R1,JAE315R1,,804,850,3,0,2,,,,,[旧RackLayer 703] 坂田精文堂,,TRUE,282,,,,,,931,,3,,
2868,JAE-173,JAE173,,678,708,,704,2,,,,,廃棄履歴あり：金型再作成(誤って廃棄のため）,,TRUE,,,,廃棄済,3/13/2025,,799,廃棄済,,,
2869,JAE-296 R1,JAE296R1,,785,822,3,0,2,,,,,[旧RackLayer 703] 坂田精文堂,,TRUE,261,,,,,,910,,3,,
2870,PNS-003T,PNS003T,,1645,1898,2,51,2,,,,,,,TRUE,,,,,,,1972,,2,,
2871,ASH-007,ASH007,,211,187,2,93,2,,,,,,,TRUE,,,,,,,364,,2,,
2872,ASH-004,ASH004,,208,184,2,93,2,,,,,,,TRUE,,,,,,,361,,2,,
2873,ASH-006,ASH006,,210,186,2,93,2,,,,,,,TRUE,,,,,,,363,,2,,
2874,ATS-005,ATS005,,216,194,2,93,2,,,,,NHK-005 R3 名称変更,,TRUE,,,,,,,371,,2,,
2875,YCM-038,YCM038,,2716,3232,2,15,2,,,,,,,TRUE,,,,,,,3273,,2,,
2876,YCM-041,YCM041,,2719,3236,2,15,2,,,,,,,TRUE,,,,,,,3277,,2,,
2877,YCM-075D R1,YCM075DR1,,2744,3271,2,0,2,,,,,14,,TRUE,,,,,,,3311,,2,,
2878,TIH-009T,TIH009T,,4327,3013,2,12,2,,,,,,,TRUE,,,,,,,3067,,2,,
2879,TH-059,TH059,,2498,2984,2,13,2,,,,,,,TRUE,,,,,,,3038,,2,,
2880,TOK-003,TOK003,,2626,3131,2,11,2,,,,,,,TRUE,,,,,,,3172,,2,,
2881,EXD-006,EXD006,,471,481,2,85,2,,,,,,,TRUE,,,,,,,247,,2,,
2882,DIC-045,DIC045,,314,305,2,84,2,,,,,,,TRUE,,,,,,,480,,2,,
2884,FJT-001,FJT001,,511,525,2,83,2,,,,,,,TRUE,,,,,,,618,,2,,
2885,Te-4-159-4,Te41594,,2323,2763,2,0,2,,,,,丸大 | [旧RackLayer 706] 丸大から受取・20240603,,TRUE,,,,,,,2822,,2,,
2886,Te-4-160-4,Te41604,,2328,2768,2,0,2,,,,,丸大 | [旧RackLayer 706] 丸大から受取・20240603,,TRUE,,,,,,,2827,,2,,
2887,Te-0-161-1,Te01611,,2065,2433,2,0,2,,,,,丸大 | [旧RackLayer 706] 丸大から受取・20240603,,TRUE,,,,,,,2494,,2,,
2888,Te-9-160-9,Te91609,,2474,2952,2,0,2,,,,,丸大 | [旧RackLayer 706] 丸大から受取・20240603,,TRUE,,,,,,,3008,,2,,
2889,Te-4-161-8,Te41618,,2333,2774,2,0,2,,,,,掛川DC | [旧RackLayer 706] 丸大から受取・20240603,,TRUE,,,,,,,2833,,2,,
2890,Te-9-160-8,Te91608,,2473,2951,2,0,2,,,,,丸大 | [旧RackLayer 706] 丸大から受取・20240603,,TRUE,,,,,,,3007,,2,,
2891,Te-4-161-8,Te41618,,2333,2774,2,0,2,,,,,掛川DC | [旧RackLayer 706] 丸大から受取・20240603,,TRUE,,,,,,,2833,,2,,
2892,Te-4-161-8,Te41618,,2333,2774,2,0,2,,,,,掛川DC | [旧RackLayer 706] 丸大から受取・20240603,,TRUE,,,,,,,2833,,2,,
2893,Te-9-160-7,Te91607,,2472,2950,2,0,2,,,,,日三化成 | [旧RackLayer 706] 丸大から受取・20240603,,TRUE,,,,,,,3006,,2,,
2894,Te-4-159-8,Te41598,,2327,2767,2,0,2,,,,,掛川工場 | [旧RackLayer 706] 丸大から受取・20240603,,TRUE,,,,,,,2826,,2,,
2895,JAE-317 R1,JAE317R1,,806,852,3,0,2,,,,,坂田精文堂 240719 | [旧RackLayer 703] 坂田精文堂,,TRUE,284,,,,,,933,,3,,
2896,NIT-003,NIT003,,1432,1626,2,281,2,,,,,(NIT 003?),,TRUE,,,,,,,1703,,2,,
2897,HMP-No Number,HMPNoNumber,,568,572,2,281,2,,,,,,,TRUE,,,,,,,665,,2,,
2899,DIM-016,DIM016,,414,414,2,283,2,,,,,２階から移動,,TRUE,,,,,,,586,,2,,
2900,DIM-013,DIM013,,411,411,2,283,2,,,,,２階から移動,,TRUE,,返却済,3/12/2025,,,,583,,2,,
2901,TE-4-159-4,TE41594,,2323,2763,2,284,2,,,,,２階から,,TRUE,,,,,,,2822,,2,,
2902,TE-4-160-4(旧）,TE41604(旧）,,2328,2769,2,284,2,,,,,２階から,,TRUE,,,,,,,2828,,2,,
2903,TE-0-161-1,TE01611,,2065,2433,2,284,2,,,,,２階から,,TRUE,,,,,,,2494,,2,,
2904,TE-9-160-9,TE91609,,2474,2952,2,284,2,,,,,２階から,,TRUE,,,,,,,3008,,2,,
2905,TE-4-161-8,TE41618,,2333,2774,2,284,2,,,,,２階から,,TRUE,,,,,,,2833,,2,,
2906,TE-4-161-8,TE41618,,2333,2774,2,284,2,,,,,２階から,,TRUE,,,,,,,2833,,2,,
2907,TE-9-160-7,TE91607,,2472,2950,2,284,2,,,,,２階から,,TRUE,,,,,,,3006,,2,,
2908,TE-4-159-8,TE41598,,2327,2767,2,284,2,,,,,２階から,,TRUE,,,,,,,2826,,2,,
2909,TE-4-159-8,TE41598,,2327,2767,2,284,2,,,,,２階から,,TRUE,,,,,,,2826,,2,,
2910,TE-4-161-8,TE41618,,2333,2774,2,284,2,,,,,２階から,,TRUE,,,,,,,2833,,2,,
2911,TE-9-160-8,TE91608,,2473,2951,2,284,2,,,,,２階から,,TRUE,,,,,,,3007,,2,,
2915,ATS-021,ATS021,,227,205,2,280,2,,,,,,,TRUE,,,,,,,382,,2,,
2916,TE-8-072-8,TE80728,,2427,2891,2,280,2,,,,,,,TRUE,,,,,,,2949,,2,,
2917,DIM-010 ?,DIM010R3,,3891,407,2,280,2,,,,,不明,,TRUE,,,,,,,580,,2,,
2918,TE-9-052-8,TE90528,,2453,2926,2,280,2,,,,,,,TRUE,,,,,,,2983,,2,,
2921,TE-2-059-9,TE20599,,2952,2554,2,603,2,,,,,1/3,,TRUE,,,,,,,2615,,2,,
2922,JAE-251 R1,JAE251R1,,741,775,2,280,2,,,,,,,TRUE,,,,,,,866,,2,,
2925,MS-042,MS042,,1264,1403,2,291,2,,,,,,,TRUE,,,,,,,1481,,2,,
2926,TKD-001,TKD001,,2557,3050,2,292,2,,,,,,,TRUE,,,,,,,3091,,2,,
2928,NGS-010,NGS010,,1406,1595,3,0,2,,,,,坂田精文堂 20240619 Xac nhan | [旧RackLayer 703] 坂田精文堂,,TRUE,,,,,,,1672,,3,,
2930,NGS-003,NGS003,,1398,1587,2,0,2,,,,,[旧RackLayer 705] 出荷・返却済,,TRUE,,返却済,1/6/2026,,,,1664,返却済,2,,
2933,THP-007,THP007,,2516,3002,2,12,2,,,,,,,TRUE,534,,,,,,3056,,2,,
2934,SJI-003 No1,SJI003No1,,1734,2003,2,23,2,,,,,,,TRUE,,,,,,,2074,,2,,
2937,STY-001,STY001,,1945,2299,2,25,2,,,,,25？,,TRUE,,,,,,,2362,,2,,
2938,H-015-2,H0152,,538,3397,2,31,2,,,,,,,TRUE,,,,,,,3437,,2,,
2939,MZT-108 CUTTER,MZT108CUTTER,,1338,1521,2,35,2,,,,,,,TRUE,,,,,,,1599,,2,,
2941,MBN-002,MBN002,,1198,1335,2,35,2,,,,,,,TRUE,,,,,,,1413,,2,,
2942,OGR-009R,OGR009R,,1548,1779,2,41,2,,,,,,,TRUE,,,,,,,1855,,2,,
2943,MRY-011,MRY011,,1258,1396,2,44,2,,,,,,,TRUE,,,,,,,1474,,2,,
2944,OGR-013H,OGR013H,,1552,1783,2,45,2,,,,,（OGR-013M?）,,TRUE,,,,,,,1859,,2,,
2945,NGT-011,NGT011,,1418,1610,2,613,2,,,,,,,TRUE,,,,,,,1687,,2,,
2946,KR-010 (KORYO),KR010(KORYO),,962,1034,2,62,2,,,,,,,TRUE,,,,,,,1112,,2,,
2947,KR-001,KR001,,961,1033,2,62,2,,,,,,,TRUE,,,,,,,1111,,2,,
2948,KOS-012,KOS012,,955,1024,2,64,2,,,,,,,TRUE,,,,,,,1103,,2,,
2949,GMY-095R,GMY095R,,530,549,2,72,2,,,,,,,TRUE,,,,,,,642,,2,,
2950,GMY-094,GMY094,,529,547,2,72,2,,,,,,,TRUE,,,,,,,640,,2,,
2952,EMI-001,EMI001,,431,440,2,94,2,,,,,,,TRUE,,,,,,,206,,2,,
2954,CYD-001,CYD001,,282,267,2,105,2,,,,,,,TRUE,,,,,,,443,,2,,
2955,CST-002,CST002,,276,261,2,105,2,,,,,,,TRUE,,,,,,,437,,2,,
2956,TE-2428382-1,TE24283821,,21,2641,2,222,2,,,,,,,TRUE,,,,,,,2700,,2,,
2957,TSS-001,TSS001,,2656,3163,2,182,2,,,,,,,TRUE,,,,,,,3204,,2,,
2958,TSS-003,TSS003,,2658,3165,2,182,2,,,,,,,TRUE,,,,,,,3206,,2,,
2959,TE-3-052-7,TE30527,,2253,2680,2,150,2,,,,,,,TRUE,,,,,,,2739,,2,,
2960,YKW-005,YKW005,,2760,3288,2,151,2,,,,,,,TRUE,,,,,,,3328,,2,,
2962,TE-4-069-9,TE40699,,2292,2729,2,151,2,,,,,,,TRUE,,,,,,,2788,,2,,
2963,TE-4-069-1,TE40691,,2291,2728,2,151,2,,,,,,,TRUE,,,,,,,2787,,2,,
2964,SSJ,SSJ,,1865,2192,,,2,,,,,,,TRUE,,,,,,,2263,,,,
2965,No Name,NoName,,1453,1647,2,151,2,,,,,,,TRUE,,,,,,,1724,,2,,
2966,No Name-34?,NoName34?,,1453,1658,2,152,2,,,,,,,TRUE,,,,,,,1735,,2,,
2967,MYS-005,MYS005,,1304,1472,2,152,2,,,,,,,TRUE,,,,,,,1550,,2,,
2968,ADY-108,ADY108,,132,97,2,152,2,,,,,,,TRUE,,,,,,,198,,2,,
2969,NGS-002,NGS002,,1397,1586,2,0,2,,,,,[旧RackLayer 705] 出荷・返却済,,TRUE,,返却済,8/28/2025,,,,1663,返却済,2,,
2970,MZT-101,MZT101,,1332,1514,2,141,2,,,,,,,TRUE,,,,,,,1592,,2,,
2971,KIK-003T,KIK003T,,3944,972,2,142,2,,,,,,,TRUE,,,,,,,1051,,2,,
2972,DNS-011,DNS011,,422,431,2,143,2,,,,,,,TRUE,,,,,,,603,,2,,
2973,KSP-171,KSP171,,1115,1241,2,274,2,,,,,,,TRUE,,,,,,,1319,,2,,
2974,DIC-143 R2,DIC143R2,,395,388,,704,2,,,,,廃棄済2024.7.4,,TRUE,181,,,廃棄済,7/4/2024,,562,廃棄済,,,
2975,TE-1-127-0,TE11270,,3,2485,3,0,2,,,,,坂田精文堂・図面確認依頼 | [旧RackLayer 703] 坂田精文堂,,TRUE,,,,,,,2546,,3,,
2977,TE-2-020-5,TE20205,,9,2539,3,0,2,,,,,坂田精文堂・図面確認依頼 | [旧RackLayer 703] 坂田精文堂,,TRUE,,,,,,,2600,,3,,
2980,TE-6-720998-0,TE67209980,,2393,2848,3,0,2,,,,,坂田精文堂・図面確認依頼 | [旧RackLayer 703] 坂田精文堂,,TRUE,,,,,,,2906,,3,,
2981,TE-7-162-1,TE71621,,2421,2884,3,0,2,,,,,坂田精文堂・図面確認依頼 | [旧RackLayer 703] 坂田精文堂,,TRUE,,,,,,,2942,,3,,
2986,DIC-127,DIC127,,380,372,2,654,2,,,,,坂田精文堂・図面確認依頼,,TRUE,,,,,,,547,,2,,
2987,DIC-138,DIC138,,390,382,3,0,2,,,,,坂田精文堂・図面確認依頼 | [旧RackLayer 703] 坂田精文堂,,TRUE,,,,,,,557,,3,,
2988,JAE-005,JAE005,,603,615,2,122,2,,,,,坂田精文堂・図面確認依頼,,TRUE,211,,,,,,708,,2,,
2989,JAE-045,JAE045,,623,639,5,0,2,,,,,坂田精文堂・図面確認依頼/青森確認？ | [旧RackLayer 710] 青森工場,,TRUE,213,,,,,,732,,5,,
2990,JAE-047,JAE047,,625,641,5,0,2,,,,,坂田精文堂・図面確認依頼 | [旧RackLayer 710] 青森工場,,TRUE,214,,,,,,734,,5,,
2991,JAE-131,JAE131,,653,680,3,0,2,,,,,坂田精文堂・図面確認依頼 | [旧RackLayer 703] 坂田精文堂,,TRUE,,,,,,,771,,3,,
2992,JAE-134,JAE134,,655,682,3,0,2,,,,,坂田精文堂・図面確認依頼 | [旧RackLayer 703] 坂田精文堂,,TRUE,,,,,,,773,,3,,
2993,JAE-135,JAE135,,656,683,3,0,2,,,,,坂田精文堂・図面確認依頼 | [旧RackLayer 703] 坂田精文堂,,TRUE,,,,,,,774,,3,,
2994,JAE-139,JAE139,,657,684,3,0,2,,,,,坂田精文堂・図面確認依頼 | [旧RackLayer 703] 坂田精文堂,,TRUE,,,,,,,775,,3,,
2995,JAE-145,JAE145,,659,686,3,0,2,,,,,坂田精文堂・図面確認依頼 | [旧RackLayer 703] 坂田精文堂,,TRUE,,,,,,,777,,3,,
2996,JAE-161,JAE161,,671,700,3,0,2,,,,,坂田精文堂・図面確認依頼 | [旧RackLayer 703] 坂田精文堂,,TRUE,,,,,,,791,,3,,
2997,JAE-235,JAE235,,728,762,3,0,2,,,,,坂田精文堂・図面確認依頼 | [旧RackLayer 703] 坂田精文堂,,TRUE,227,,,,,,853,,3,,
2998,JAE-236,JAE236,,729,763,3,0,2,,,,,坂田精文堂・図面確認依頼 | [旧RackLayer 703] 坂田精文堂,,TRUE,,,,,,,854,,3,,
2999,JAE-264,JAE264,,754,788,3,0,2,,,,,坂田精文堂・図面確認依頼 | [旧RackLayer 703] 坂田精文堂,,TRUE,,,,,,,879,,3,,
3000,JAE-270,JAE270,,760,794,3,0,2,,,,,坂田精文堂・図面確認依頼 | [旧RackLayer 703] 坂田精文堂,,TRUE,235,,,,,,885,,3,,
3001,JAE-271,JAE271,,761,795,3,0,2,,,,,坂田精文堂・図面確認依頼 | [旧RackLayer 703] 坂田精文堂,,TRUE,236,,,,,,886,,3,,
3002,JAE-272,JAE272,,762,796,3,0,2,,,,,坂田精文堂・図面確認依頼 | [旧RackLayer 703] 坂田精文堂,,TRUE,237,,,,,,887,,3,,
3003,JAE-273,JAE273,,763,797,3,0,2,,,,,坂田精文堂・図面確認依頼 | [旧RackLayer 703] 坂田精文堂,,TRUE,238,,,,,,888,,3,,
3004,JAE-274,JAE274,,764,798,3,0,2,,,,,坂田精文堂・図面確認依頼 | [旧RackLayer 703] 坂田精文堂,,TRUE,239,,,,,,889,,3,,
3005,JAE-286 A/B,JAE286A/B,,775,810,3,0,2,,,,,坂田精文堂・図面確認依頼 | [旧RackLayer 703] 坂田精文堂,,TRUE,251,,,,,,900,,3,,
3006,JAE-287 A/B,JAE287A/B,,776,812,3,0,2,,,,,坂田精文堂・図面確認依頼 | [旧RackLayer 703] 坂田精文堂,,TRUE,252,,,,,,901,,3,,
3007,JAE-288,JAE288,,2952,1861,3,0,2,,,,,坂田精文堂・図面確認依頼 | [旧RackLayer 703] 坂田精文堂,,TRUE,253,,,,,,1937,,3,,
3008,JAE-310 R1,JAE310R1,,799,841,3,0,2,,,,,坂田精文堂・図面確認依頼 | [旧RackLayer 703] 坂田精文堂,,TRUE,276,,,,,,925,,3,,
3009,KDS-091,KDS091,,857,912,3,0,2,,,,,坂田精文堂・図面確認依頼 | [旧RackLayer 703] 坂田精文堂,,TRUE,,,,,,,992,,3,,
3010,KDS-092,KDS092,,858,913,3,0,2,,,,,坂田精文堂・図面確認依頼 | [旧RackLayer 703] 坂田精文堂,,TRUE,,,,,,,993,,3,,
3011,KDS-140,KDS140,,898,954,3,0,2,,,,,坂田精文堂・図面確認依頼 | [旧RackLayer 703] 坂田精文堂,,TRUE,301,,,,,,1034,,3,,
3012,KDS-141,KDS141,,899,957,1,0,2,,,,,坂田精文堂・図面確認依頼 | [旧RackLayer 702] 茨城工場,,TRUE,302,,,,,,1036,,1,,
3013,KMR-001,KMR001,,920,988,3,0,2,,,,,坂田精文堂・図面確認依頼 | [旧RackLayer 703] 坂田精文堂,,TRUE,,,,,,,1067,,3,,
3014,MZT-089,MZT089,,1325,1507,3,0,2,,,,,坂田精文堂・図面確認依頼 | [旧RackLayer 703] 坂田精文堂,,TRUE,,,,,,,1585,,3,,
3015,MZT-090,MZT090,,1326,1508,3,0,2,,,,,坂田精文堂・図面確認依頼 | [旧RackLayer 703] 坂田精文堂,,TRUE,,,,,,,1586,,3,,
3016,MZT-111,MZT111,,1341,1524,3,0,2,,,,,坂田精文堂・図面確認依頼 | [旧RackLayer 703] 坂田精文堂,,TRUE,,,,,,,1602,,3,,
3017,MZT-131,MZT131,,1352,1536,3,0,2,,,,,坂田精文堂・図面確認依頼 | [旧RackLayer 703] 坂田精文堂,,TRUE,,,,,,,1614,,3,,
3018,MZT-135,MZT135,,1356,1540,3,0,2,,,,,坂田精文堂・図面確認依頼 | [旧RackLayer 703] 坂田精文堂,,TRUE,,,,,,,1618,,3,,
3019,MZT-142,MZT142,,1361,1546,3,0,2,,,,,坂田精文堂・図面確認依頼 | [旧RackLayer 703] 坂田精文堂,,TRUE,,返却済,2/7/2025,,,,1624,,3,,
3020,NPC-T010,NPCT010,,1458,1677,3,0,2,,,,,[旧RackLayer 703] 坂田精文堂,,TRUE,,,,,,,1754,,3,,
3021,NPC-T032,NPCT032,,1459,1678,3,0,2,,,,,坂田精文堂・図面確認依頼 | [旧RackLayer 703] 坂田精文堂,,TRUE,,,,,,,1755,,3,,
3023,NPR-001,NPR001,,1462,1682,3,175,2,,,,,坂田精文堂・図面確認依頼,,TRUE,,,,,,,1758,,3,,
3024,ODS-026,ODS026,,1527,1751,3,0,2,,,,,坂田精文堂・図面確認依頼 | [旧RackLayer 703] 坂田精文堂,,TRUE,,,,,,,1827,,3,,
3025,ODS-027,ODS027,,1528,1752,3,0,2,,,,,坂田精文堂・図面確認依頼 | [旧RackLayer 703] 坂田精文堂,,TRUE,,,,,,,1828,,3,,
3026,ODS-028,ODS028,,1529,1753,3,0,2,,,,,坂田精文堂・図面確認依頼 | [旧RackLayer 703] 坂田精文堂,,TRUE,,,,,,,1829,,3,,
3027,OOT-027,OOT027,,1580,1818,3,0,2,,,,,坂田精文堂・図面確認依頼 | [旧RackLayer 703] 坂田精文堂,,TRUE,,,,,,,1894,,3,,
3028,SAM-002,SAM002,,1686,1946,3,0,2,,,,,坂田精文堂・図面確認依頼 | [旧RackLayer 703] 坂田精文堂,,TRUE,441,,,,,,2017,,3,,
3030,SHT-011,SHT011,,1715,1979,3,0,2,,,,,坂田精文堂・図面確認依頼 | [旧RackLayer 703] 坂田精文堂,,TRUE,,,,,,,2050,,3,,
3031,SHT-015,SHT015,,1719,1984,3,0,2,,,,,坂田精文堂・図面確認依頼 | [旧RackLayer 703] 坂田精文堂,,TRUE,,,,,,,2055,,3,,
3032,SHT-016,SHT016,,1720,1985,3,0,2,,,,,坂田精文堂・図面確認依頼 | [旧RackLayer 703] 坂田精文堂,,TRUE,,,,,,,2056,,3,,
3033,SMK-184,SMK184,,1811,2127,3,0,2,,,,,坂田精文堂・図面確認依頼 | [旧RackLayer 703] 坂田精文堂,,TRUE,482,,,,,,2198,,3,,
3034,SMK-192,SMK192,,1813,2131,3,0,2,,,,,坂田精文堂・図面確認依頼 | [旧RackLayer 703] 坂田精文堂,,TRUE,,,,,,,2202,,3,,
3036,TDS-008,TDS008,,2003,2363,3,0,2,,,,,坂田精文堂・図面確認依頼 | [旧RackLayer 703] 坂田精文堂,,TRUE,,,,,,,2426,,3,,
3037,TKD-020,TKD020,,2572,3066,3,0,2,,,,,坂田精文堂・図面確認依頼 | [旧RackLayer 703] 坂田精文堂,,TRUE,,,,,,,3107,,3,,
3038,TSB-002,TSB002,,2650,3157,3,0,2,,,,,坂田精文堂・図面確認依頼 | [旧RackLayer 703] 坂田精文堂,,TRUE,,,,,,,3198,,3,,
3039,WKE-003,WKE003,,2687,3195,3,0,2,,,,,坂田精文堂・図面確認依頼 | [旧RackLayer 703] 坂田精文堂,,TRUE,,,,,,,3236,,3,,
3040,WTN-001,WTN001,,2689,3197,3,0,2,,,,,坂田精文堂・図面確認依頼 | [旧RackLayer 703] 坂田精文堂,,TRUE,,,,,,,3238,,3,,
3041,WTN-003,WTN003,,2691,3199,3,0,2,,,,,坂田精文堂・図面確認依頼-->YSD2024.7.4？ | [旧RackLayer 703] 坂田精文堂,,TRUE,,,,,,,3240,,3,,
3042,WTN-004,WTN004,,2692,3200,3,0,2,,,,,坂田精文堂・図面確認依頼 | [旧RackLayer 703] 坂田精文堂,,TRUE,,,,,,,3241,,3,,
3043,WTN-008,WTN008,,2697,3208,3,0,2,,,,,坂田精文堂・図面確認依頼 | [旧RackLayer 703] 坂田精文堂,,TRUE,,,,,,,3249,,3,,
3044,YCM-033,YCM033,,2712,3228,3,0,2,,,,,坂田精文堂・図面確認依頼 | [旧RackLayer 703] 坂田精文堂,,TRUE,,,,,,,3269,,3,,
3045,YCM-051,YCM051,,2726,3244,3,0,2,,,,,坂田精文堂・図面確認依頼 | [旧RackLayer 703] 坂田精文堂,,TRUE,,,,,,,3285,,3,,
3047,YMK-001,YMK001,,2763,3293,3,0,2,,,,,坂田精文堂・図面確認依頼 | [旧RackLayer 703] 坂田精文堂,,TRUE,,,,,,,3333,,3,,
3048,TE-1-110-5M(Y),TE11105M(Y),,2113,2484,,0,2,,,,,[旧RackLayer 709] データのみ,,TRUE,,,,,,,2545,データのみ,,,
3049,TE-1-160-4 A Type,TE11604AType,,6,2512,1,0,2,,,,,1-160-4金型の外周削りの不具合発生したため再作成 | [旧RackLayer 702] 茨城工場,,TRUE,6,,,,,,2573,,1,,
3050,TE-4-090-2,TE40902,,2296,2735,,0,2,,,,,[旧RackLayer 709] データのみ,,TRUE,,,,,,,2794,データのみ,,,
3051,TE,TE,,2007,2369,,,2,,,,,,,TRUE,,,,,,,2431,,,,
3052,TE-4-090-2R1,TE40902R1,,2296,2736,,0,2,,,,,[旧RackLayer 709] データのみ,,TRUE,,,,,,,2795,データのみ,,,
3053,TE-6-157-1,TE61571,,2388,2839,2,613,2,,,,,,,TRUE,,,,,,,2897,,2,,
3054,TE-7-157-3,TE71573,,2419,2882,,0,2,,,,,[旧RackLayer 709] データのみ,,TRUE,,,,,,,2940,データのみ,,,
3055,TE-8-157-8,TE81578,,2446,2913,,0,2,,,,,[旧RackLayer 709] データのみ,,TRUE,,,,,,,2971,データのみ,,,
3056,ADY-127,ADY127,,143,112,2,115,2,,,,,,,TRUE,119,,,,,,290,,2,,
3057,ASC-002,ASC002,,204,179,2,94,2,,,,,,,TRUE,130,,,,,,356,,2,,
3058,JAE-323 R2,JAE323R2,,812,859,3,0,2,,,,,[旧RackLayer 703] 坂田精文堂,,TRUE,290,,,,,,939,,3,,
3060,JAE-322 R1,JAE322R1,,811,857,4,0,2,,,,,[旧RackLayer 701] 日三化成,,TRUE,289,,,,,,938,,4,,
3061,JAE-320,JAE320,,809,855,,704,2,,,,,,,TRUE,287,,,廃棄済,3/23/2026,,936,廃棄済,,,
3062,JAE-321,JAE321,,810,856,,704,2,,,,,,,TRUE,288,,,廃棄済,3/23/2026,,937,廃棄済,,,
3063,MZT-145,MZT145,,4057,1549,2,35,2,,,,,,,TRUE,,返却済,2/6/2025,,,,1627,,2,,
3064,JAE-319 R2,JAE319R2,,808,854,,704,2,,,,,,,TRUE,286,,,廃棄済,3/23/2026,,935,廃棄済,,,
3065,JAE-153 R,JAE153R,,664,693,2,123,2,,,,,廃棄ー>再作成　JAE-153R,,TRUE,221,,,,,,784,,2,,
3067,TE-6-159-6,TE61596,,4290,2842,4,0,2,,,,,金型・プラグ・抜き型送り7/22 | [旧RackLayer 701] 日三化成,,TRUE,67,,,,,,2900,,4,,
3068,ADY-077,ADY077,,3863,65,2,614,2,,,,,,,TRUE,,,,,,,166,,2,,
3069,ADY-088,ADY088,,3866,79,2,614,2,,,,,,,TRUE,,,,,,,180,,2,,
3070,TE-6-159-7 R2,TE61597R2,,48,2844,4,0,2,,,,,[旧RackLayer 701] 日三化成,,TRUE,68,,,,,,2902,,4,,
3071,OOT-043,OOT043,,1593,1833,2,42,2,,,,,,,TRUE,406,,,,,,1909,,2,,
3072,TE-9-162-7 R3,TE91627R3,,68,3610,4,0,2,,,,,[旧RackLayer 701] 日三化成,,TRUE,101,,,,,,3633,,4,,
3073,DIC-042,DIC042,,3888,302,2,302,2,,,,,,,TRUE,,,,,,,477,,2,,
3074,YCM-058,YCM058,,4343,3250,2,302,2,,,,,2020,,TRUE,,,,廃棄済,8/22/2024,,3291,,2,,
3075,YCM-057,YCM057,,4342,3249,2,302,2,,,,,2020,,TRUE,,,,廃棄済,8/22/2024,,3290,,2,,
3076,KBT-001,KBT001,,823,873,2,302,2,,,,,,,TRUE,,,,,,,953,,2,,
3077,KSP-159,KSP159,,4004,1230,2,302,2,,,,,,,TRUE,,,,,,,1308,,2,,
3078,WTN-009 R1,WTN009R1,,2698,3211,3,0,2,,,,,生産終了2025.04.14 | [旧RackLayer 703] 坂田精文堂,,TRUE,581,返却済,4/15/2025,,,,3252,,3,,
3081,EXD,EXD,,3897,479,2,311,2,,,,,,,TRUE,,,,,,,245,,2,,
3085,SMK-125,SMK125,,4155,2111,2,312,2,,,,,,,TRUE,,,,,,,2182,,2,,
3089,ODS-038,ODS038,,4094,1762,2,603,2,,,,,,,TRUE,,,,,,,1838,,2,,
3091,MTD-001,MTD001,,4018,1409,,,2,,,,,,,TRUE,,,,,,,1487,,,,
3092,KSP-045,KSP045,,3985,1136,2,370,2,,,,,,,TRUE,,,,,,,1214,,2,,
3093,KSP-090,KSP090,,3999,1172,,,2,,,,,,,TRUE,,,,,,,1250,,,,
3096,MZT-009,MZT009,,4042,1478,2,370,2,,,,,,,TRUE,,,,,,,1556,,2,,
3097,MZT-006,MZT006,,4041,1475,2,370,2,,,,,,,TRUE,,,,,,,1553,,2,,
3103,MZT-010,MZT010,,4043,1479,2,370,2,,,,,,,TRUE,,,,,,,1557,,2,,
3104,MZT-012,MZT012,,4044,1480,2,370,2,,,,,,,TRUE,,,,,,,1558,,2,,
3105,MZT-002,MZT002,,4040,1474,2,370,2,,,,,,,TRUE,,,,,,,1552,,2,,
3110,KSP-046,KSP046,,3986,1137,2,370,2,,,,,,,TRUE,,,,,,,1215,,2,,
3113,MZT-014,MZT014,,4046,1482,2,370,2,,,,,,,TRUE,,,,,,,1560,,2,,
3114,Other-A　タイプ,OtherAタイプ,,2952,1867,,,2,,,,,,,TRUE,,,,,,,1942,,,,
3122,NSK,NSK,,4091,1715,,,2,,,,,,,TRUE,,,,,,,1791,,,,
3124,KSP-051,KSP051,,3993,1144,,,2,,,,,,,TRUE,,,,,,,1222,,,,
3125,KSP-053,KSP053,,3994,1145,2,370,2,,,,,,,TRUE,,,,,,,1223,,2,,
3128,MZT-019,MZT019,,4048,1485,2,370,2,,,,,,,TRUE,,,,,,,1563,,2,,
3129,MZT-020,MZT020,,4049,1486,2,370,2,,,,,,,TRUE,,,,,,,1564,,2,,
3130,Other-Achievement,OtherAchievement,,2952,1868,,,2,,,,,,,TRUE,,,,,,,1943,,,,
3131,TE-1-141-3,TE11413,,5,2503,,,2,,,,,,,TRUE,,,,,,,2564,,,,
3134,TWG-001,TWG001,,4337,3171,,,2,,,,,,,TRUE,,,,,,,3212,,,,
3135,KSE-018,KSE018,,3966,1083,,,2,,,,,,,TRUE,,,,,,,1161,,,,
3136,TIH-004,TIH004,,4324,3007,,,2,,,,,,,TRUE,,,,,,,3061,,,,
3145,MTM-A,MTMA,,4020,1461,,,2,,,,,,,TRUE,,,,,,,1539,,,,
3146,Other-Cタイプ専用,OtherCタイプ専用,,2952,1869,,,2,,,,,,,TRUE,,,,,,,1944,,,,
3151,TIH-007,TIH007,,4325,3010,,,2,,,,,,,TRUE,,,,,,,3064,,,,
3152,KDS-055,KDS055,,3939,892,,331,2,,,,,,,TRUE,,,,,,,972,,,,
3153,KSP-063,KSP063,,3995,1148,2,370,2,,,,,,,TRUE,,,,,,,1226,,2,,
3154,Other-PICK CASE,OtherPICKCASE,,2952,1870,,,2,,,,,,,TRUE,,,,,,,1945,,,,
3160,KDS-054,KDS054,,3938,891,2,272,2,,,,,,,TRUE,,,,,,,971,,2,,
3166,ADY-060,ADY060,,3859,52,2,370,2,,,,,,,TRUE,,,,,,,153,,2,,
3170,ADY-068,ADY068,,3860,58,2,370,2,,,,,,,TRUE,,,,,,,159,,2,,
3171,ADY-069,ADY069,,3861,59,2,370,2,,,,,,,TRUE,,,,,,,160,,2,,
3173,KSP-049新,KSP049新,,3987,1140,,,2,,,,,,,TRUE,,,,,,,1218,,,,
3174,KSP-050,KSP050,,3990,1141,,,2,,,,,,,TRUE,,,,,,,1219,,,,
3175,LPS-002新,LPS002新,,4012,1311,,,2,,,,,,,TRUE,,,,,,,1389,,,,
3176,KSE-022,KSE022,,3967,1087,,,2,,,,,,,TRUE,,,,,,,1165,,,,
3178,KSP-067,KSP067,,3997,1151,2,370,2,,,,,,,TRUE,,,,,,,1229,,2,,
3180,KSP-066,KSP066,,3996,1150,2,370,2,,,,,,,TRUE,,,,,,,1228,,2,,
3185,LPS-037,LPS037,,4014,1326,,,2,,,,,,,TRUE,,,,,,,1404,,,,
3189,KSP-050AB,KSP050AB,,3990,1142,2,370,2,,,,,,,TRUE,,,,,,,1220,,2,,
3190,KSP-049AB,KSP049AB,,3987,1139,,,2,,,,,,,TRUE,,,,,,,1217,,,,
3192,SMK-137,SMK137,,4158,2114,2,704,2,,,,,,,TRUE,,,,廃棄済,10/27/2025,,2185,廃棄済,2,,
3193,SMK-143xx,SMK143xx,,4160,2116,2,651,2,,,,,,,TRUE,,,,,,,2187,,2,,
3194,SMK-133,SMK133,,4157,2113,,,2,,,,,,,TRUE,,,,,,,2184,,,,
3195,SMK-141xx,SMK141xx,,4159,2115,2,651,2,,,,,,,TRUE,,,,,,,2186,,2,,
3196,SMK-166xx,SMK166xx,,4163,2121,2,651,2,,,,,,,TRUE,,,,,,,2192,,2,,
3197,YCM-025,YCM025,,4339,3221,,,2,,,,,,,TRUE,,,,,,,3262,,,,
3200,KSP-076,KSP076,,3998,1159,2,1002,2,,,,,,,TRUE,,,,,,,1237,,2,,
3204,Other-シャープ,Otherシャープ,,2952,1872,,,2,,,,,,,TRUE,,,,,,,1947,,,,
3205,MZT-056,MZT056,,4050,1489,2,370,2,,,,,,,TRUE,,,,,,,1567,,2,,
3206,MZT-057,MZT057,,4051,1490,2,370,2,,,,,,,TRUE,,,,,,,1568,,2,,
3211,KSE-016 R,KSE016R,,3964,1082,2,656,2,,,,,,,TRUE,,,,,,,1160,,2,,
3212,MTM-045,MTM045,,4025,1424,,,2,,,,,,,TRUE,,,,,,,1502,,,,
3213,MTM-044,MTM044,,4024,1423,,,2,,,,,,,TRUE,,,,,,,1501,,,,
3214,MTM-087,MTM087,,4028,1429,,,2,,,,,,,TRUE,,,,,,,1507,,,,
3216,KSE-（湾）,KSE（湾）,,3962,1073,,,2,,,,,,,TRUE,,,,,,,1151,,,,
3217,SDSJ-001,SDSJ001,,4116,1952,,,2,,,,,,,TRUE,,,,,,,2023,,,,
3218,TMC-85Y?,TMC85Y?,,4336,3106,,,2,,,,,,,TRUE,,,,,,,3147,,,,
3222,SK-048R,SK048R,,4128,2053,2,1002,2,,,,,,,TRUE,,,,,,,2124,,2,,
3224,TE-013,TE013,,4196,2420,2,183,2,,,,,,,TRUE,,,,,,,2481,,2,,
3225,TIH-008,TIH008,,4326,3011,,,2,,,,,,,TRUE,,,,,,,3065,,,,
3231,TE-8-156-5,TE81565,,4305,2909,,,2,,,,,,,TRUE,,,,,,,2967,,,,
3233,SMK,SMK,,4138,2091,,,2,,,,,,,TRUE,,,,,,,2162,,,,
3235,STF-004,STF004,,4189,2287,2,1002,2,,,,,,,TRUE,,,,,,,2350,,2,,
3236,SK-048,SK048,,4128,2052,2,370,2,,,,,,,TRUE,,,,,,,2123,,2,,
3237,PNS-002 （Plug PNS-001）,PNS002（PlugPNS001）,,4112,1895,2,51,2,,,,,,,TRUE,,,,,,,1969,,2,,
3238,STF-001,STF001,,4188,2284,2,311,2,,,,,,,TRUE,,,,,,,2347,,2,,
3246,ADY-054,ADY054,,3858,49,2,603,2,,,,,,InUse,TRUE,,,,,,,150,,2,,
3248,AXN-001,AXN001,,3880,225,2,604,2,,,,,,,TRUE,,,,,,,401,,2,,
3250,TIH-009B,TIH009B,,4327,3012,,,2,,,,,,,TRUE,,,,,,,3066,,,,
3252,MTD-002AB,MTD002AB,,1272,1413,,,2,,,,,,,TRUE,,,,,,,1491,,,,
3254,YOK-002,YOK002,,4347,3318,2,602,2,,,,,,,TRUE,,,,,,,3358,,2,,
3259,SPK-001,SPK001,,1854,2179,2,22,2,,,,,Duyen kiem ke 2025.4.3,,TRUE,,,,,,,2250,,2,,
3261,TE-2-053-3T,TE20533T,,4215,2551,,,2,,,,,,,TRUE,,,,,,,2612,,,,
3262,TE-2-053-3B,TE20533B,,4215,2550,,,2,,,,,,,TRUE,,,,,,,2611,,,,
3263,MTR-001,MTR001,,4036,1463,,,2,,,,,,,TRUE,,,,,,,1541,,,,
3266,MTR-004,MTR004,,4037,1467,2,604,2,,,,,,,TRUE,,,,,,,1545,,2,,
3268,IZW-001,IZW001,,3913,607,,,2,,,,,,,TRUE,,,,,,,700,,,,
3269,IZW-002,IZW002,,3914,608,,,2,,,,,,,TRUE,,,,,,,701,,,,
3270,TJS-002,TJS002,,4328,3046,2,1002,2,,,,,,,TRUE,,,,,,,3087,,2,,
3271,KSP-105,KSP105,,4000,1186,2,370,2,,,,,,,TRUE,,,,,,,1264,,2,,
3275,FDE-003,FDE003,,3899,507,,,2,,,,,,,TRUE,,,,,,,272,,,,
3278,MTM-074,MTM074,,4026,1426,,,2,,,,,,,TRUE,,,,,,,1504,,,,
3279,MTM-080,MTM080,,4027,1428,,,2,,,,,,,TRUE,,,,,,,1506,,,,
3288,KSP-115,KSP115,,4001,1197,2,370,2,,,,,,,TRUE,,,,,,,1275,,2,,
3290,Other-YO 1014A (9K),OtherYO1014A(9K),,2952,1871,,,2,,,,,,,TRUE,,,,,,,1946,,,,
3291,ADY-075,ADY075,,3862,63,2,115,2,,,,,,,TRUE,,,,,,,164,,2,,
3292,ADY-078T,ADY078T,,107,68,2,140,2,,,,,BTセット,,TRUE,,,,,,,169,,2,,
3293,ADY-078B,ADY078B,,107,67,2,140,2,,,,,BTセット,,TRUE,,,,,,,168,,2,,
3294,KSP-330,KSP330,,4006,1280,,,2,,,,,,,TRUE,,,,,,,1358,,,,
3296,SRD-049,SRD049,,4173,2181,,,2,,,,,,,TRUE,,,,,,,2252,,,,
3300,SK-051,SK051,,4130,2054,,,2,,,,,,,TRUE,,,,,,,2125,,,,
3307,ADY-090 R,ADY090R,,119,81,2,604,2,,,,,,,TRUE,,,,,,,182,,2,,
3310,MTM,MTM,,4020,1416,,,2,,,,,,,TRUE,,,,,,,1494,,,,
3311,JAE-075,JAE075,,3923,655,2,603,2,,,,,,,TRUE,,,,,,,747,,2,,
3313,DK-030,DK030,,3893,421,,,2,,,,,,,TRUE,,,,,,,593,,,,
3314,DK-031,DK031,,3894,422,,,2,,,,,,,TRUE,,,,,,,594,,,,
3321,CPL-サンプル用トレイ,CPLサンプル用トレイ,,3883,257,,,2,,,,,,,TRUE,,,,,,,433,,,,
3325,OOT-020,OOT020,,4099,1811,,,2,,,,,,,TRUE,,,,,,,1887,,,,
3326,ORM-001,ORM001,,4097,1795,2,613,2,,,,,,,TRUE,,,,,,,1871,,2,,
3327,YMS-004,YMS004,,4345,3304,,,2,,,,,,,TRUE,,,,,,,3344,,,,
3328,YMS-005,YMS005,,4346,3305,,,2,,,,,,,TRUE,,,,,,,3345,,,,
3329,YCM-038B,YCM038B,,2716,3233,,,2,,,,,,,TRUE,,,,,,,3274,,,,
3331,KIK-501,KIK501,,3949,979,2,720,2,,,,,長さ調整予定：600--＞570,,TRUE,,,,,,,1058,,2,,
3332,DIM-004,DIM004,,3890,401,,,2,,,,,,,TRUE,,,,,,,574,,,,
3333,SMK-185,SMK185,,4165,2128,,,2,,,,,,,TRUE,,,,,,,2199,,,,
3343,MYS-004,MYS004,,4038,1471,,,2,,,,,,,TRUE,,,,,,,1549,,,,
3353,YCM-017,YCM017,,4338,3217,,,2,,,,,,,TRUE,,,,,,,3258,,,,
3354,SJI-014,SJI014,,1740,2010,,,2,,,,,,,TRUE,,,,,,,2081,,,,
3370,YCM-047,YCM047,,4341,3242,,,2,,,,,,,TRUE,,,,,,,3283,,,,
3374,ADY-123,ADY123,,3871,107,2,656,2,,,,,,,TRUE,,,,,,,286,,2,,
3398,YZP-004B,YZP004B,,4349,3489,,,2,,,,,,,TRUE,,,,,,,3528,,,,
3400,Other-8号機,Other8号機,,2952,1866,,,2,,,,,,,TRUE,,,,,,,1941,,,,
3401,KSP-040,KSP040,,3980,1131,2,370,2,,,,,,,TRUE,,,,,,,1209,,2,,
3402,KSP-041,KSP041,,3981,1132,,,2,,,,,,,TRUE,,,,,,,1210,,,,
3403,KSP-042,KSP042,,3982,1133,,,2,,,,,,,TRUE,,,,,,,1211,,,,
3404,KSP-043,KSP043,,3983,1134,,,2,,,,,,,TRUE,,,,,,,1212,,,,
3405,KSP-044,KSP044,,3984,1135,,,2,,,,,,,TRUE,,,,,,,1213,,,,
3407,MZT-112新,MZT112新,,1342,1526,,,2,,,,,,,TRUE,,,,,,,1604,,,,
3408,IRS-001,IRS001,,3911,601,,,2,,,,,,,TRUE,,,,,,,694,,,,
3410,NEC,NEC,,4058,1556,2,311,2,,,,,,,TRUE,,,,,,,1633,,2,,
3414,TKO,TKO,,4332,3076,,,2,,,,,,,TRUE,,,,,,,3117,,,,
3415,DIC-023,DIC023,,3885,292,2,1002,2,,,,,,,TRUE,,,,,,,467,,2,,
3416,DIC-024,DIC024,,3886,293,2,1002,2,,,,,,,TRUE,,,,,,,468,,2,,
3417,JAE-025,JAE025,,3916,627,,704,2,,,,,,,TRUE,,,,廃棄済,2/8/2021,,720,廃棄済,,,
3418,JAE-051,JAE051,,3919,643,,704,2,,,,,,,TRUE,,,,廃棄済,2/8/2021,,736,廃棄済,,,
3419,JAE-059,JAE059,,3920,647,,704,2,,,,,,,TRUE,,,,廃棄済,2/8/2021,,740,廃棄済,,,
3420,JAE-067,JAE067,,3922,651,,704,2,,,,,,,TRUE,,,,廃棄済,,,744,廃棄済,,,
3423,JAE-066,JAE066,,3921,650,,704,2,,,,,,,TRUE,,,,廃棄済,3/26/2022,,743,廃棄済,,,
3425,Other,Other,,2952,1861,,,2,,,,,,,TRUE,,,,,,,1937,,,,
3426,TMC-014,TMC014,,4335,3103,,,2,,,,,,,TRUE,,,,,,,3144,,,,
3427,KSP-049,KSP049,,3987,1138,2,312,2,,,,,,InUse,TRUE,,,,,,,1216,,2,,
3429,LKS-003,LKS003,,4011,1304,,,2,,,,,,,TRUE,,,,,,,1382,,,,
3440,YKW-007,YKW007,,4344,3290,,,2,,,,,,,TRUE,,,,,,,3330,,,,
3441,JAE-169,JAE169,,3928,705,2,111,2,,,,,,,TRUE,,,,,,,796,,2,,
3443,JAE-215,JAE215,,3930,744,2,111,2,,,,,,,TRUE,,,,,,,835,,2,,
3448,SSJ-015,SSJ015PP,,4182,2201,1,0,2,,,,,[旧RackLayer 702] 茨城工場,,TRUE,,,,,,,2267,,1,,
3451,MTM-161,MTM161,,4033,1437,,,2,,,,,,,TRUE,,,,,,,1515,,,,
3454,TE-5-157-0,TE51570,,4284,2807,,,2,,,,,,,TRUE,,,,,,,2865,,,,
3456,TE-3-161-5,TE31615,,4274,2719,2,1002,2,,,,,,,TRUE,,,,,,,2778,,2,,
3460,TE-4-161-1,TE41611,,4278,2771,2,1002,2,,,,,,,TRUE,,,,,,,2830,,2,,
3468,TE-9-161-1,TE91611,,4316,2953,,,2,,,,,,,TRUE,,,,,,,3009,,,,
3472,JAE-026 R2,JAE026R2,,3917,628,1,0,2,,,,,茨城工場・確認済20241107 | [旧RackLayer 702] 茨城工場,,TRUE,,,,,,,721,,1,,
3478,TE-3-160-4,TE31604,,4270,2714,,,2,,,,,,,TRUE,,,,,,,2773,,,,
3500,TBG-024,TBG024,,4193,2341,2,614,2,,,,,2024.08.09,,TRUE,,,,,,,2404,,2,,
3501,SPJ-031T,SPJ031T,,4171,2169,2,604,2,,,,,,,TRUE,,,,,,,2240,,2,,
3502,SPJ-031B,SPJ031B,,4171,2168,2,604,2,,,,,,,TRUE,,,,,,,2239,,2,,
3505,KSP-037AB,KSP037AB,,3978,1129,2,370,2,,,,,,,TRUE,,,,,,,1207,,2,,
3506,KSP-038AB,KSP038AB,,3979,1130,,,2,,,,,,,TRUE,,,,,,,1208,,,,
3508,ADV-023,ADV023,,3855,35,2,331,2,,,,,,,TRUE,,,,,,,136,,2,,
3509,KSP-050R,KSP050R,,3990,1143,,,2,,,,,,,TRUE,,,,,,,1221,,,,
3511,KRE-009,KRE009,,3954,1037,2,370,2,,,,,,,TRUE,,,,,,,1115,,2,,
3512,KRE-008,KRE008,,3953,1036,2,370,2,,,,,,,TRUE,,,,,,,1114,,2,,
3513,KRE-014,KRE014,,3956,1040,2,370,2,,,,,,,TRUE,,,,,,,1118,,2,,
3514,KRE-012,KRE012,,3955,1039,2,370,2,,,,,,,TRUE,,,,,,,1117,,2,,
3515,KRE-019,KRE019,,3958,1044,2,370,2,,,,,,,TRUE,,,,,,,1122,,2,,
3516,KRE-020,KRE020,,3959,1045,,,2,,,,,,,TRUE,,,,,,,1123,,,,
3517,MZT-060,MZT060,,4052,1491,2,1002,2,,,,,,,TRUE,,,,,,,1569,,2,,
3522,シャープ,シャープ,,2952,1861,,,2,,,,,,,TRUE,,,,,,,1937,,,,
3523,FUJIKURA,FUJIKURA,,2952,1861,,,2,,,,,,,TRUE,,,,,,,1937,,,,
3524,ZD,ZD,,2952,1861,,,2,,,,,,,TRUE,,,,,,,1937,,,,
3525,レーザーシート小,レーザーシート小,,2952,1861,,,2,,,,,,,TRUE,,,,,,,1937,,,,
3526,テルモ,テルモ,,2952,1861,,,2,,,,,,,TRUE,,,,,,,1937,,,,
3527,Hシリーズ,Hシリーズ,,2784,3326,,,2,,,,,,,TRUE,,,,,,,3366,,,,
3528,ZA,ZA,,2952,1861,,,2,,,,,,,TRUE,,,,,,,1937,,,,
3529,ソニー,ソニー,,2952,1861,,,2,,,,,,,TRUE,,,,,,,1937,,,,
3530,AAT-001T,AAT001T,,3847,18,,,2,,,,,,,TRUE,,,,,,,119,,,,
3531,AAT-001B,AAT001B,,3847,17,,,2,,,,,,,TRUE,,,,,,,118,,,,
3533,ADV-006,ADV006,,3849,27,,,2,,,,,,,TRUE,,,,,,,128,,,,
3535,ADV-007,ADV007,,3850,28,2,331,2,,,,,,,TRUE,,,,,,,129,,2,,
3536,ADV-014,ADV014,,3852,31,2,331,2,,,,,,,TRUE,,,,,,,132,,2,,
3539,ADV-015,ADV015,,3853,32,2,331,2,,,,,,,TRUE,,,,,,,133,,2,,
3540,ADV-019,ADV019,,3854,34,2,604,2,,,,,,,TRUE,,,,,,,135,,2,,
3541,ADV-002,ADV002,,85,26,2,603,2,,,,,,,TRUE,,,,,,,127,,2,,
3542,ADV-008,ADV008,,3851,29,,,2,,,,,,,TRUE,,,,,,,130,,,,
3543,ADV-024,ADV024,,3856,36,2,331,2,,,,,,,TRUE,,,,,,,137,,2,,
3544,ADV-035,ADV035,,3857,44,,,2,,,,,,,TRUE,,,,,,,145,,,,
3567,ALP-001,ALP001,,3872,131,,,2,,,,,,,TRUE,,,,,,,309,,,,
3569,AMP,AMP,,3873,135,,,2,,,,,,,TRUE,,,,,,,313,,,,
3575,AMP-9面,AMP9面,,3873,155,,,2,,,,,,,TRUE,,,,,,,333,,,,
3576,AMP-大　PP　台湾機,AMP大PP台湾機,,3873,157,,,2,,,,,,,TRUE,,,,,,,335,,,,
3577,AMP-PP 台湾機,AMPPP台湾機,,3873,156,,,2,,,,,,,TRUE,,,,,,,334,,,,
3585,SSI,SSI,,4174,2189,,,2,,,,,,,TRUE,,,,,,,2260,,,,
3586,ATK-053,ATK053,,3878,190,,,2,,,,,,,TRUE,,,,,,,367,,,,
3587,ATS-002,ATS002,,3879,191,,,2,,,,,,,TRUE,,,,,,,368,,,,
3596,BMI-001,BMI001,,3881,228,,,2,,,,,,,TRUE,,,,,,,404,,,,
3598,CIPS,CIPS,,3882,237,,,2,,,,,,,TRUE,,,,,,,413,,,,
3611,DIC,DIC,,3884,276,,,2,,,,,,,TRUE,,,,,,,451,,,,
3621,DIC-049,DIC049,,3889,309,2,625,2,,,,,,,TRUE,,,,,,,484,,2,,
3625,DIC-033,DIC033,,3887,297,,,2,,,,,,,TRUE,,,,,,,472,,,,
3635,DIN-010,DIN010,,3892,419,,,2,,,,,,,TRUE,,,,,,,591,,,,
3640,FDK-004,FDK004,,3900,509,,,2,,,,,,,TRUE,,,,,,,274,,,,
3650,FJK,FJK,,3901,518,,,2,,,,,,,TRUE,,,,,,,611,,,,
3652,MRY-003PS,MRY003PS,,1251,1389,,,2,,,,,,,TRUE,,,,,,,1467,,,,
3654,GMY-012,GMY012,,3903,532,,,2,,,,,,,TRUE,,,,,,,625,,,,
3655,GMY-023,GMY023,,3904,534,,,2,,,,,,,TRUE,,,,,,,627,,,,
3656,GMY-036,GMY036,,3905,535,,,2,,,,,,,TRUE,,,,,,,628,,,,
3657,GMY-040,GMY040,,3906,536,,,2,,,,,,,TRUE,,,,,,,629,,,,
3662,SMK-066,SMK066,,4150,2104,,,2,,,,,,,TRUE,,,,,,,2175,,,,
3664,SMK-131,SMK131,,4156,2112,,704,2,,,,,,,TRUE,,,,廃棄済,2/7/2025,,2183,廃棄済,,,
3665,SMK-114,SMK114,,4153,2109,,704,2,,,,,,,TRUE,,,,廃棄済,2/7/2025,,2180,廃棄済,,,
3666,SMK-117,SMK117,,4154,2110,,,2,,,,,,,TRUE,,,,,,,2181,,,,
3667,SMK-152,SMK152,,4161,2119,,,2,,,,,,,TRUE,,,,,,,2190,,,,
3678,HOKUTO,HOKUTO,,3908,575,,,2,,,,,,,TRUE,,,,,,,668,,,,
3680,TK-001,TK001,,4330,3049,,,2,,,,,,,TRUE,,,,,,,3090,,,,
3681,アンテナ50,アンテナ50,,4352,3495,,,2,,,,,,,TRUE,,,,,,,3534,,,,
3682,HYS-001,HYS001,,3909,584,2,624,2,,,,,,,TRUE,,,,,,,677,,2,,
3687,IWD-004,IWD004,,3912,605,,,2,,,,,,,TRUE,,,,,,,698,,,,
3689,KDS-066,KDS066,,3940,897,,,2,,,,,,,TRUE,,,,,,,977,,,,
3694,JAE-124,JAE124,,3925,674,,704,2,,,,,,,TRUE,,,,廃棄済,,,766,廃棄済,,,
3703,JAE-187 R1,JAE187R1,,3929,719,2,124,2,,,,,,,TRUE,,,,,,,810,,2,,
3723,JAE-146,JAE146,,3927,687,5,0,2,,,,,[旧RackLayer 710] 青森工場,,TRUE,,,,,,,778,,5,,
3731,JPS-002,JPS002,,3934,864,,,2,,,,,,,TRUE,,,,,,,944,,,,
3732,JR-0,JR0,,3935,865,,,2,,,,,,,TRUE,,,,,,,945,,,,
3734,TH-013,TH013,,4322,2971,,,2,,,,,,,TRUE,,,,,,,3026,,,,
3736,K-26,K26,,3936,870,,,2,,,,,,,TRUE,,,,,,,950,,,,
3737,KDS-026,KDS026,,3937,878,,331,2,,,,,,,TRUE,,,,,,,958,,,,
3752,KDS-070,KDS070,,3941,901,2,311,2,,,,,,,TRUE,,,,,,,981,,2,,
3759,KIK-004T,KIK004T,,3947,975,,,2,,,,,,,TRUE,,,,,,,1054,,,,
3760,KIK-003Txx,KIK003Txx,,3944,973,,,2,,,,,,,TRUE,,,,,,,1052,,,,
3761,KIK-003Bxx,KIK003Bxx,,3944,971,,,2,,,,,,,TRUE,,,,,,,1050,,,,
3762,KIK-002T,KIK002T,,3943,969,2,1002,2,,,,,,,TRUE,,,,,,,1048,,2,,
3765,KIK-003B,KIK003B,,3944,970,,,2,,,,,,,TRUE,,,,,,,1049,,,,
3766,KIK-001,KIK001,,3942,968,,,2,,,,,,,TRUE,,,,,,,1047,,,,
3767,KIK-004B,KIK004B,,3947,974,,,2,,,,,,,TRUE,,,,,,,1053,,,,
3768,KJK-001,KJK001,,3950,980,2,614,2,,,,,,,TRUE,,,,,,,1059,,2,,
3770,KKC-002新,KKC002新,,915,983,,,2,,,,,,,TRUE,,,,,,,1062,,,,
3772,KOK,KOK,,3952,1009,,,2,,,,,,,TRUE,,,,,,,1088,,,,
3774,KRE-045,KRE045,,3961,1067,2,370,2,,,,,,,TRUE,,,,,,,1145,,2,,
3775,KRE-031,KRE031,,3960,1054,,,2,,,,,,,TRUE,,,,,,,1132,,,,
3776,KRE-015,KRE015,,3957,1041,2,370,2,,,,,,,TRUE,,,,,,,1119,,2,,
3779,KSE-台湾機,KSE台湾機,,3962,1093,,,2,,,,,,,TRUE,,,,,,,1171,,,,
3780,KSE-フタ,KSEフタ,,3962,1092,,,2,,,,,,,TRUE,,,,,,,1170,,,,
3781,KSE-009,KSE009,,3963,1078,,,2,,,,,,,TRUE,,,,,,,1156,,,,
3783,KSE-016,KSE016,,3964,1081,,,2,,,,,,,TRUE,,,,,,,1159,,,,
3785,KSP-116,KSP116,,4002,1198,2,370,2,,,,,,,TRUE,,,,,,,1276,,2,,
3786,KSP-136R,KSP136R,,4003,1210,2,370,2,,,,,,,TRUE,,,,,,,1288,,2,,
3788,KSP-020左,KSP020左,,1015,1111,,,2,,,,,,,TRUE,,,,,,,1189,,,,
3789,KSP-026左,KSP026左,,1021,1119,,,2,,,,,,,TRUE,,,,,,,1197,,,,
3790,KSP-020右,KSP020右,,1015,1110,,,2,,,,,,,TRUE,,,,,,,1188,,,,
3791,KSP-026右,KSP026右,,1021,1118,,,2,,,,,,,TRUE,,,,,,,1196,,,,
3792,KSP-Inline,KSPInline,,4007,1281,,,2,,,,,,,TRUE,,,,,,,1359,,,,
3793,KSP-002,KSP002,,3970,1095,,,2,,,,,,,TRUE,,,,,,,1173,,,,
3794,KSP-005,KSP005,,3971,1096,,,2,,,,,,,TRUE,,,,,,,1174,,,,
3795,KSP-009,KSP009,,3973,1098,,,2,,,,,,,TRUE,,,,,,,1176,,,,
3796,KSP-006,KSP006,,3972,1097,,,2,,,,,,,TRUE,,,,,,,1175,,,,
3801,KSP-168,KSP168,,4005,1238,,,2,,,,,,,TRUE,,,,,,,1316,,,,
3812,KW-025-1,KW0251,,4008,1288,,,2,,,,,,,TRUE,,,,,,,1366,,,,
3816,KYANON,KYANON,,4009,1293,,,2,,,,,,,TRUE,,,,,,,1371,,,,
3817,LKS,LKS,,4010,1301,,,2,,,,,,,TRUE,,,,,,,1379,,,,
3820,LPS-017,LPS017,,4013,1323,2,604,2,,,,,,,TRUE,,,,,,,1401,,2,,
3825,MCC-003 R3,MCC003R3,,4015,1339,6,212,2,,,,,預り証No. YDT692,InUse,TRUE,,返却済,4/15/2026,,,4/14/2026,1417,,,,
3837,MS-033,MS033,,4017,1401,,,2,,,,,,,TRUE,,,,,,,1479,,,,
3838,MTM-129,MTM129,,4030,1433,,,2,,,,,,,TRUE,,,,,,,1511,,,,
3839,MTM-152,MTM152,,4032,1435,,,2,,,,,,,TRUE,,,,,,,1513,,,,
3840,MTM-027,MTM027,,4023,1421,,,2,,,,,,,TRUE,,,,,,,1499,,,,
3841,MTM,MTM,,4020,1416,,,2,,,,,,,TRUE,,,,,,,1494,,,,
3842,MTM-026,MTM026,,4022,1420,,,2,,,,,,,TRUE,,,,,,,1498,,,,
3843,MTM-283x205,MTM283x205,,4020,1460,,,2,,,,,,,TRUE,,,,,,,1538,,,,
3844,MTM-005,MTM005,,4021,1417,,,2,,,,,,,TRUE,,,,,,,1495,,,,
3846,MTM-130,MTM130,,4031,1434,,,2,,,,,,,TRUE,,,,,,,1512,,,,
3847,MZT-110,MZT110,,4054,1523,1,0,2,,,,,[旧RackLayer 702] 茨城工場,,TRUE,,,,,,,1601,,1,,
3848,MZT,MZT,,1305,1473,,,2,,,,,,,TRUE,,,,,,,1551,,,,
3850,MZT,MZT,,1305,1473,,,2,,,,,,,TRUE,,,,,,,1551,,,,
3855,MZT-013,MZT013,,4045,1481,2,370,2,,,,,,,TRUE,,,,,,,1559,,2,,
3858,MZT-016,MZT016,,4047,1484,2,370,2,,,,,,,TRUE,,,,,,,1562,,2,,
3862,MZT,MZT,,1305,1473,,,2,,,,,,,TRUE,,,,,,,1551,,,,
3863,MZT-079?,MZT079?,,4053,1499,,,2,,,,,,,TRUE,,,,,,,1577,,,,
3866,NFC-001,NFC001,,4059,1578,,,2,,,,,,,TRUE,,,,,,,1655,,,,
3870,NGS-013AB,NGS013AB,,1409,1599,,,2,,,,,,,TRUE,,,,,,,1676,,,,
3871,NHK-001,NHK001,,4061,1618,,,2,,,,,,,TRUE,,,,,,,1695,,,,
3872,NHK-009,NHK009,,4062,1622,,,2,,,,,,,TRUE,,,,,,,1699,,,,
3884,SMK-053,SMK053,,4148,2102,,,2,,,,,,,TRUE,,,,,,,2173,,,,
3893,NRK-031,NRK031,,4090,1701,,,2,,,,,,,TRUE,,,,,,,1777,,,,
3905,NRK-009,NRK009,,4089,1691,,,2,,,,,,,TRUE,,,,,,,1767,,,,
3908,ODS,ODS,,4092,1737,,,2,,,,,,,TRUE,,,,,,,1813,,,,
3910,ODS-043,ODS043,,4095,1767,2,604,2,,,,,,,TRUE,,,,,,,1843,,2,,
3911,ODS-033,ODS033,,4093,1758,,,2,,,,,,,TRUE,,,,,,,1834,,,,
3913,ODS-044,ODS044,,4096,1768,,,2,,,,,,,TRUE,,,,,,,1844,,,,
3923,OOT-021,OOT021,,4100,1812,,,2,,,,,,,TRUE,,,,,,,1888,,,,
3924,OOT-004AB,OOT004AB,,4098,1799,,,2,,,,,,,TRUE,,,,,,,1875,,,,
3936,OTAX-015,OTAX015,,4102,1853,,704,2,,,,,,,TRUE,,,,廃棄済,12/15/2025,,1929,廃棄済,,,
3937,OTAX-016,OTAX016,,4103,1854,,704,2,,,,,,,TRUE,,,,廃棄済,12/15/2025,,1930,廃棄済,,,
3938,OTAX-014,OTAX014,,4101,1852,,,2,,,,,,,TRUE,,,,,,,1928,,,,
3950,RYK-002,RYK002,,4113,1935,,,2,,,,,,,TRUE,,,,,,,2007,,,,
3952,SP-030,SP030,,4170,2159,,,2,,,,,,,TRUE,,,,,,,2230,,,,
3953,SP-014,SP014,,4168,2157,,,2,,,,,,,TRUE,,,,,,,2228,,,,
3954,RYOKA-002,RYOKA002,,4114,1940,,,2,,,,,,,TRUE,,,,,,,2012,,,,
3957,SDK,SDK,,4115,1949,,,2,,,,,,,TRUE,,,,,,,2020,,,,
3961,SES-003,SES003,,4117,1959,2,604,2,,,,,,,TRUE,,,,,,,2030,,2,,
3963,SG-001 PP,SG001PP,,1701,1965,,,2,,,,,,,TRUE,,,,,,,2036,,,,
3967,SJI-016,SJI016,,4122,2012,,,2,,,,,,,TRUE,,,,,,,2083,,,,
3969,SJI-021 スタ,SJI021スタ,,1745,2018,,,2,,,,,,,TRUE,,,,,,,2089,,,,
3971,SJI-015,SJI015,,4121,2011,,,2,,,,,,,TRUE,,,,,,,2082,,,,
3972,SJI-001,SJI001,,4119,2001,,,2,,,,,,,TRUE,,,,,,,2072,,,,
3975,SJI-013,SJI013,,4120,2009,,,2,,,,,,,TRUE,,,,,,,2080,,,,
3983,MTM-108,MTM108,,4029,1431,,,2,,,,,,,TRUE,,,,,,,1509,,,,
3987,SK-026,SK026,,4125,2043,2,370,2,,,,,,,TRUE,,,,,,,2114,,2,,
3988,SK-009,SK009,,4124,2034,,,2,,,,,,,TRUE,,,,,,,2105,,,,
3989,ELP-009,ELP009,,3895,437,,,2,,,,,,,TRUE,,,,,,,203,,,,
3990,ELP-200,ELP200,,3896,438,2,311,2,,,,,,,TRUE,,,,,,,204,,2,,
3991,SK-046,SK046,,4127,2051,,,2,,,,,,,TRUE,,,,,,,2122,,,,
3993,SK-039R,SK039R,,4126,2048,2,370,2,,,,,,,TRUE,,,,,,,2119,,2,,
3994,YSD-Z-015-1,YSDZ0151,,4348,3407,,,2,,,,,,,TRUE,,,,,,,3447,,,,
3995,APF-002,APF002,,3877,170,,,2,,,,,,,TRUE,,,,,,,348,,,,
3998,SKK-003,SKK003,,4131,2057,,,2,,,,,,,TRUE,,,,,,,2128,,,,
3999,SKS-012,SKS012,,4132,2070,2,720,2,,,,2.95,,,TRUE,,,,,,,2141,,2,,
4001,SLK-113,SLK113,,4135,2082,2,1002,2,,,,,,,TRUE,,,,,,,2153,,2,,
4004,SLK-110,SLK110,,4133,2079,,,2,,,,,,,TRUE,,,,,,,2150,,,,
4005,SLK-128,SLK128,,4137,2088,,,2,,,,,,,TRUE,,,,,,,2159,,,,
4007,SLK-111,SLK111,,4134,2080,2,1002,2,,,,,,,TRUE,,,,,,,2151,,2,,
4011,SLK-119,SLK119,,4136,2086,2,602,2,,,,,,,TRUE,,,,,,,2157,,2,,
4013,SMK-014,SMK014,,4140,2094,,,2,,,,,,,TRUE,,,,,,,2165,,,,
4019,SMK-050,SMK050,,4147,2101,,,2,,,,,,,TRUE,,,,,,,2172,,,,
4020,SMK-036,SMK036,,4144,2098,,,2,,,,,,,TRUE,,,,,,,2169,,,,
4021,SMK-186,SMK186,,4166,2129,,,2,,,,,,,TRUE,,,,,,,2200,,,,
4023,SMK-010,SMK010,,4139,2093,,,2,,,,,,,TRUE,,,,,,,2164,,,,
4024,SMK-015,SMK015,,4141,2095,,,2,,,,,,,TRUE,,,,,,,2166,,,,
4025,TKS-001,TKS001,,4333,3079,2,601,2,,,,,,,TRUE,,,,,,,3120,,2,,
4027,SMK-108,SMK108,,4152,2107,,,2,,,,,,,TRUE,,,,,,,2178,,,,
4028,SMK-039,SMK039,,4145,2099,2,623,2,,,,,,,TRUE,,,,,,,2170,,2,,
4029,SMK-040,SMK040,,4146,2100,2,653,2,,,,,,,TRUE,,,,,,,2171,,2,,
4030,SMK-061,SMK061,,4149,2103,2,622,2,,,,,,,TRUE,,,,,,,2174,,2,,
4031,SMK-193,SMK193,,4167,2132,3,0,2,,,,,[旧RackLayer 703] 坂田精文堂,,TRUE,,,,,,,2203,,3,,
4034,SMK-025,SMK025,,4142,2096,2,623,2,,,,,,,TRUE,,,,,,,2167,,2,,
4035,SMK-090,SMK090,,4151,2105,,,2,,,,,,,TRUE,,,,,,,2176,,,,
4036,SMK-163,SMK163,,4162,2120,2,654,2,,,,,,,TRUE,,,,,,,2191,,2,,
4037,SMK-028,SMK028,,4143,2097,2,653,2,,,,,,,TRUE,,,,,,,2168,,2,,
4040,SP-016,SP016,,4169,2158,,,2,,,,,,,TRUE,,,,,,,2229,,,,
4047,"SSJ-012 PP, PS","SSJ012PP,PS",,4176,2194,,,2,,,,,,,TRUE,,,,,,,2265,,,,
4052,SSJ-017,SSJ017,,4185,2205,1,0,2,,,,,[旧RackLayer 702] 茨城工場,,TRUE,,,,,,,2269,,1,,
4053,SSJ-009,SSJ009,,4175,2193,,,2,,,,,,,TRUE,,,,,,,2264,,,,
4057,SSK-006 R2,SSK006R2,,1875,2214,,,2,,,,,,,TRUE,,,,,,,2278,,,,
4074,STD-02,STD02,,4187,2283,,,2,,,,,,,TRUE,,,,,,,2346,,,,
4078,SWJ-004?,SWJ004?,,4190,2300,,,2,,,,,,,TRUE,,,,,,,2363,,,,
4080,SZT-007T,SZT007T,,1959,2316,2,1002,2,,,,,,,TRUE,,,,,,,2379,,2,,
4081,SZT-003,SZT003,,4191,2310,,,2,,,,,,,TRUE,,,,,,,2373,,,,
4093,TE-0-021-7,TE00217,,4194,2388,,,2,,,,,,,TRUE,,,,,,,2450,,,,
4095,TE-2-059-2,TE20592,,4218,2553,2,280,2,,,,,,,TRUE,,,,,,,2614,,2,,
4098,TE-2-059-1,TE20591,,4217,2552,2,152,2,,,,,,,TRUE,,,,,,,2613,,2,,
4102,TE-1279508-1,TE12795081,,4212,2524,,,2,,,,,,,TRUE,,,,,,,2585,,,,
4104,TE-2-059-9 No2,TE20599No2,,4219,2554,2,280,2,,,,,2/3,,TRUE,,,,,,,2615,,2,,
4105,TE-7-135-4,TE71354,,4301,2877,,,2,,,,,,,TRUE,,,,,,,2935,,,,
4115,TE-3-066-6 No1,TE30666No1,,4264,2686,2,613,2,,,,,,,TRUE,,,,,,,2745,,2,,
4116,TE-3-066-7A,TE30667A,,4265,2687,2,613,2,,,,,,,TRUE,,,,,,,2746,,2,,
4118,TE-7-127-7 R3,TE71277R3,,50,2865,2,311,2,,,,,,,TRUE,,,,,,,2923,,2,,
4119,TE-7-127-8 R3,TE71278R3,,4358,2868,2,311,2,,,,,,,TRUE,,,,,,,2926,,2,,
4120,TE-3-127-7,TE31277,,4268,2695,,,2,,,,,,,TRUE,,,,,,,2754,,,,
4121,TE-3-127-8,TE31278,,4269,2696,,,2,,,,,,,TRUE,,,,,,,2755,,,,
4125,TE-5-124-6,TE51246,,4282,2792,,,2,,,,,,,TRUE,,,,,,,2850,,,,
4126,TE-6-142-9 A,TE61429A,,4288,2831,,,2,,,,,,,TRUE,,,,,,,2889,,,,
4127,TE-6-142-9 B,TE61429B,,4288,2832,,,2,,,,,,,TRUE,,,,,,,2890,,,,
4132,TE-7-936993-3,TE79369933,,4302,2885,,,2,,,,,,,TRUE,,,,,,,2943,,,,
4135,TE-0-156-9,TE01569,,4197,2428,2,625,2,,,,,,,TRUE,,,,,,,2489,,2,,
4136,TE-0-156-9 Ver2,TE01569Ver2,,4197,2429,2,1002,2,,,,,,,TRUE,,,,,,,2490,,2,,
4138,TE-9-130-2,TE91302,,4312,2944,2,625,2,,,,,,,TRUE,,,,,,,3001,,2,,
4140,TE-3-160-9,TE31609,,41,2715,,,2,,,,,,,TRUE,,,,,,,2774,,,,
4142,TE-1-019-2 R,TE10192R,,4200,2451,,,2,,,,,,,TRUE,,,,,,,2512,,,,
4148,TE-1279600-1 新,TE12796001新,,2151,2535,,,2,,,,,,,TRUE,,,,,,,2596,,,,
4149,TE-7-127-7 R4,TE71277R4,,50,2866,,,2,,,,,,,TRUE,,,,,,,2924,,,,
4152,TE-5-129-7,TE51297,,4283,2799,,,2,,,,,,,TRUE,,,,,,,2857,,,,
4155,TE-3-065-6,TE30656,,4263,2685,2,614,2,,,,,,,TRUE,,,,,,,2744,,2,,
4156,TE-6-072-0,TE60720,,4287,2818,2,614,2,,,,,,,TRUE,,,,,,,2876,,2,,
4160,TE-4-072-3,TE40723,,4276,2730,,,2,,,,,,,TRUE,,,,,,,2789,,,,
4161,TE-4-072-4,TE40724,,4277,2731,,,2,,,,,,,TRUE,,,,,,,2790,,,,
4162,TE-2-077-8旧セガ用,TE20778旧セガ用,,4220,2559,,,2,,,,,,,TRUE,,,,,,,2620,,,,
4163,TE-4-720999-8,TE47209998,,4279,2775,2,142,2,,,,,,,TRUE,,,,,,,2834,,2,,
4164,TE-1-024-8,TE10248,,4201,2470,,,2,,,,,,,TRUE,,,,,,,2531,,,,
4165,TE-7-068-2,TE70682,,4293,2853,2,613,2,,,,,,,TRUE,,,,,,,2911,,2,,
4174,TE-1-129-3,TE11293,,4207,2493,1,0,2,,,,,[旧RackLayer 702] 茨城工場,,TRUE,,,,,,,2554,,1,,
4176,TE-2423252-2,TE24232522,,12,2624,,,2,,,,,,,TRUE,,,,,,,2684,,,,
4178,TES-001,TES001,,4321,2966,2,1002,2,,,,,,,TRUE,,,,,,,3022,,2,,
4183,TH-014,TH014,,4323,2972,,,2,,,,,,,TRUE,,,,,,,3027,,,,
4187,JAE,JAE,,3915,609,,,2,,,,,,,TRUE,,,,,,,702,,,,
4197,TJS-004,TJS004,,4329,3048,,,2,,,,,,,TRUE,,,,,,,3089,,,,
4199,TKD-006,TKD006,,4331,3056,,,2,,,,,,,TRUE,,,,,,,3097,,,,
4202,TKS-006,TKS006,,4334,3082,,,2,,,,,,,TRUE,,,,,,,3123,,,,
4206,ADY-117,ADY117,,3870,104,2,115,2,,,,,,,TRUE,,,,,,,283,,2,,
4208,AAT,AAT,,3846,16,,,2,,,,,,,TRUE,,,,,,,117,,,,
4218,TDW-001 R3,TDW001R3,,2006,2366,2,12,2,469,299,31.2,,,InUse,TRUE,532,,,,,,2429,,2,,
4222,NPK-001,NPK001,,2951,1680,2,183,2,,,,,210x160,,TRUE,383,,,,,,1756,,2,,
4223,JAE-324,JAE324,,813,860,3,0,2,,,,,[旧RackLayer 703] 坂田精文堂,,TRUE,291,,,,,,940,,3,,
4224,MTS-001,MTS001,,1301,1468,2,35,2,,,,,,,TRUE,360,,,,,,1546,,2,,
4226,MZT-140,MZT140,,4056,1545,3,0,2,470,400,60,,2024.08.28 写真撮影 | [旧RackLayer 703] 坂田精文堂,,TRUE,,,,,,,1623,,3,,
4227,SIT-017,SIT017,,1730,1995,2,233,2,,,,,,,TRUE,,,,,,,2066,,2,,
4228,OOT-005,OOT005,,2959,1800,,,2,,,,,,,TRUE,,,,,,,1876,,,,
4230,YGE-002,YGE002,,2963,3278,2,181,2,,,,,,,TRUE,600,,,,,,3318,,2,,
4232,TE-2373028-2 R2,TE23730282R2,,10,2610,2,206,2,,,,,PS (R1から改造した。彫刻変更）,,TRUE,14,,,,,,2671,,2,,
4237,SIT-018,SIT018,,1731,1997,2,233,2,,,,,,,TRUE,,,,,,,2068,,2,,
4238,SIT-019,SIT019,,1732,1999,2,233,2,,,,,,,TRUE,,,,,,,2070,,2,,
4239,TE-6-159-6R1,TE61596R1,,4290,2843,4,0,2,,,,,[旧RackLayer 701] 日三化成,,TRUE,,,,,,,2901,,4,,
4242,OOT-006,OOT006,,4369,1801,,,2,,,,,,,TRUE,,,,,,,1877,,,,
4243,TE-1-157-1,TE11571,,2960,2510,,,2,,,,,,,TRUE,,,,,,,2571,,,,
4244,TE-0-159-2,TE01592,,4370,2430,2,1002,2,,,,,,,TRUE,,,,,,,2491,,2,,
4245,SMK-168,SMK168,,2961,2122,2,652,2,,,,,,,TRUE,,,,,,,2193,,2,,
4246,OOT-011,OOT011,,2962,1804,2,1002,2,,,,,,,TRUE,,,,,,,1880,,2,,
4248,DK-121,DK121,,4372,424,2,1002,2,,,,,,,TRUE,,,,,,,596,,2,,
4249,DK-120,DK120,,4373,423,2,1002,2,,,,,,,TRUE,,,,,,,595,,2,,
4251,DK-129,DK129,,4374,425,2,1002,2,,,,,,,TRUE,,,,,,,597,,2,,
4252,OOT-013,OOT013,,4364,1806,2,1002,2,,,,,,,TRUE,,,,,,,1882,,2,,
4253,DK-136,DK136,,4375,426,2,1002,2,,,,,,,TRUE,,,,,,,598,,2,,
4254,DK-139,DK139,,4378,427,2,1002,2,,,,,,,TRUE,,,,,,,599,,2,,
4255,DK-144,DK144,,4379,428,2,1002,2,,,,,,,TRUE,,,,,,,600,,2,,
4256,DK-144,DK144,,4379,428,2,1002,2,,,,,,,TRUE,,,,,,,600,,2,,
4258,JAE-099,JAE099,,4380,662,,704,2,,,,,,,TRUE,,,,廃棄済,3/26/2022,,754,廃棄済,,,
4259,ADY-074,ADY074,,4365,62,2,604,2,,,,,,,TRUE,,,,,,,163,,2,,
4261,JAE-013,JAE013,,4366,621,2,1002,2,,,,,,,TRUE,,,,廃棄済,2/8/2021,,714,,2,,
4262,JAE-202,JAE202,,4381,733,,704,2,,,,,,,TRUE,,,,廃棄済,10/24/2019,,824,廃棄済,,,
4263,JAE-204,JAE204,,4382,735,,704,2,,,,,,,TRUE,,,,廃棄済,10/24/2019,,826,廃棄済,,,
4264,OOT-014,OOT014,,4383,3521,2,1002,2,,,,,,,TRUE,,,,,,,3560,,2,,
4265,TNR-001,TNR001,,4394,3522,2,603,2,,,,,,,TRUE,,,,,,,3561,,2,,
4266,OOT-016,OOT016,,4395,3523,2,1002,2,,,,,,,TRUE,,,,,,,3562,,2,,
4267,JAE-028,JAE028,,4396,3524,,704,2,,,,,,,TRUE,,,,廃棄済,2/8/2021,,3563,廃棄済,,,
4268,SWT-001,SWT001,,4397,3525,2,603,2,,,,,,,TRUE,,,,,,,3564,,2,,
4269,ADY-094,ADY094,,4398,3526,2,1002,2,,,,,,,TRUE,,,,,,,3565,,2,,
4270,MTM-085,MTM085,,4399,3527,2,1002,2,,,,,,,TRUE,,,,,,,3566,,2,,
4272,MYS-001,MYS001,,4400,3528,2,603,2,,,,,,,TRUE,,,,,,,3567,,2,,
4274,KDS-097,KDS097,,4401,3529,2,331,2,,,,,,,TRUE,,,,,,,3568,,2,,
4275,MZT-045,MZT045,,4402,3530,2,1002,2,,,,,,,TRUE,,,,,,,3569,,2,,
4276,MZT-062,MZT062,,4403,3531,2,370,2,,,,,,,TRUE,,,,,,,3570,,2,,
4277,MZT-048,MZT048,,4405,3533,2,1002,2,,,,,,,TRUE,,,,,,,3572,,2,,
4278,KDS-065,KDS065,,4407,3534,2,331,2,,,,,,,TRUE,,,,,,,3573,,2,,
4279,MZT-065,MZT065,,4408,3535,2,370,2,,,,,,,TRUE,,,,,,,3574,,2,,
4280,MZT-067,MZT067,,4409,3537,2,370,2,,,,,,,TRUE,,,,,,,3576,,2,,
4281,OOT-007,OOT007,,4411,3538,2,1002,2,,,,,,,TRUE,,,,,,,3577,,2,,
4282,JAE-103,JAE103,,4412,3541,,704,2,,,,,,,TRUE,,,,廃棄済,2/28/2021,,3580,廃棄済,,,
4283,ADY-073,ADY073,,4413,3536,2,1002,2,,,,,,,TRUE,,,,,,,3575,,2,,
4284,ADY-072,ADY072,,4414,3542,2,1002,2,,,,,,,TRUE,,,,,,,3581,,2,,
4285,CST-006,CST006,,4415,3540,2,370,2,,,,,,,TRUE,,,,,,,3579,,2,,
4286,KDS-090,KDS090,,4416,3539,2,331,2,,,,,,,TRUE,,,,,,,3578,,2,,
4287,KND-007,KND007,,4417,3543,2,1002,2,,,,,,,TRUE,,,,,,,3582,,2,,
4288,TE-9-127-0,TE91270,,4418,3544,,,2,,,,,,,TRUE,,,,,,,3583,,,,
4290,JAE-049,JAE049,,4419,3546,,704,2,,,,,,,TRUE,,,,廃棄済,2/8/2021,,3584,廃棄済,,,
4291,ODS-017,ODS017,,1520,1744,2,614,2,,,,,,,TRUE,,,,,,,1820,,2,,
4292,TMC-002,TMC002,,4363,3099,2,1002,2,,,,,,,TRUE,,,,,,,3140,,2,,
4293,YSD-Z-060-1,YSDZ0601,,2923,3550,2,1002,2,,,,,,,TRUE,,,,,,,3588,,2,,
4294,MTE,MTE,,4406,3532,2,1002,2,,,,,,,TRUE,,,,,,,3571,,2,,
4295,JAE-179,JAE179,,4421,3547,2,1002,2,,,,,,,TRUE,,,,,,,3585,,2,,
4296,JAE-093,JAE093,,4422,3548,,704,2,,,,,,,TRUE,,,,廃棄済,3/26/2022,,3586,廃棄済,,,
4297,TNX-002,TNX002,,2957,3111,2,1002,2,,,,,,,TRUE,,,,,,,3152,,2,,
4298,TE-9-127-1,TE91271,,4423,3549,2,1002,2,,,,,,,TRUE,,,,,,,3587,,2,,
4299,YCM-030,YCM030,,4424,3553,2,1002,2,,,,,,,TRUE,,,,,,,3591,,2,,
4300,JAE-154,JAE154,,4425,3551,,704,2,,,,,,,TRUE,,,,廃棄済,3/26/2022,,3589,廃棄済,,,
4301,AON-002,AON002,,4426,3554,2,1002,2,,,,,,,TRUE,,,,,,,3592,,2,,
4302,KDS,KDS,,4427,3552,2,1002,2,,,,,,,TRUE,,,,,,,3590,,2,,
4303,PB 470x400x50 ND,PB470x400x50ND,,1632,1877,,,2,,,,,,,TRUE,,,,,,,1952,,,,
4304,PB74 H20 YMS-001,PB74H20YMS001,,1636,1887,,,2,,,,,,,TRUE,,,,,,,1962,,,,
4305,OOT-040,OOT040,,1589,1828,,,2,,,,,,,TRUE,,,,,,,1904,,,,
4306,OOT-041,OOT041,,1590,1830,,,2,,,,,,,TRUE,,,,,,,1906,,,,
4307,OOT-041 ASANO PLATE,OOT041ASANOPLATE,,1590,1829,,,2,,,,,,,TRUE,,,,,,,1905,,,,
4308,OOT-042,OOT042,,1592,1832,1,0,2,,,,,[旧RackLayer 702] 茨城工場,,TRUE,,,,,,,1908,,1,,
4309,OOT-042,OOT042,,1592,1832,1,0,2,,,,,[旧RackLayer 702] 茨城工場,,TRUE,,,,,,,1908,,1,,
4310,OOT-042D,OOT042D,,1592,1831,,,11,,,,,,,TRUE,,,,,,,1907,,,,
4311,TE-9-612056-2,TE96120562,,69,2957,,,2,,,,,,,TRUE,,,,,,,3013,,,,
4312,その他,その他,,2947,3510,,,2,,,,,,,TRUE,,,,,,,3549,,,,
4313,PB 460x330 WTN007,PB460x330WTN007,,1625,1876,,,2,,,,,,,TRUE,,,,,,,1951,,,,
4314,OKH-002,OKH002,,1560,1790,,,2,,,,,,,TRUE,,,,,,,1866,,,,
4315,PB 470x450x50 HIGH PLUG,PB470x450x50HIGHPLUG,,1626,1878,,,2,,,,,,,TRUE,,,,,,,1953,,,,
4316,PB 590x350,PB590x350,,1627,1879,,,2,,,,,,,TRUE,,,,,,,1954,,,,
4317,PB A Type 490x320x15,PBAType490x320x15,,1628,1880,,,2,,,,,,,TRUE,,,,,,,1955,,,,
4318,PB C TYPE 499x347,PBCTYPE499x347,,1629,1881,,,2,,,,,,,TRUE,,,,,,,1956,,,,
4319,PB JAE　300ｘ285,PBJAE300ｘ285,,1630,1882,,,2,,,,,,,TRUE,,,,,,,1957,,,,
4320,PB NB 620x310,PBNB620x310,,1631,1883,,,2,,,,,,,TRUE,,,,,,,1958,,,,
4321,PB ZD TYPE,PBZDTYPE,,1633,1884,,,2,,,,,,,TRUE,,,,,,,1959,,,,
4322,PB74 530x350,PB74530x350,,1634,1885,,,2,,,,,,,TRUE,,,,,,,1960,,,,
4323,ALCUTTER 248.4x198.4 YMS 4P,ALCUTTER248.4x198.4YMS4P,,150,120,,,2,,,,,,,TRUE,,,,,,,298,,,,
4324,PB 375x367,PB375x367,,1624,1875,,,2,,,,,,,TRUE,,,,,,,1950,,,,
4325,NHC-006,NHC006,,1423,1615,2,603,2,,,,,,,TRUE,,,,,,,1692,,2,,
4326,SIT-017D,SIT017D,,1730,1996,,,11,,,,,,,TRUE,,,,,,,2067,,,,
4327,AL BASE 10x557x704,ALBASE10x557x704,,149,118,,,2,,,,,,,TRUE,,,,,,,296,,,,
4329,NFC-001 ASANO PLATE,NFC001ASANOPLATE,,4059,1579,,,2,,,,,,,TRUE,,,,,,,1656,,,,
4330,NFC-001追加工・治具,NFC001追加工・治具,,1390,1580,,,2,,,,,,,TRUE,,,,,,,1657,,,,
4331,NGS-016,NGS016,,1412,1603,,,2,,,,,,,TRUE,,,,,,,1680,,,,
4332,NGS-016,NGS016,,1412,1603,,,2,,,,,,,TRUE,,,,,,,1680,,,,
4333,NGS-017　R2,NGS017R2,,1413,1605,2,604,2,,,,,,,TRUE,,,,,,,1682,,2,,
4334,TE-9-162-6,TE91626,,71,2954,2,613,2,,,,,,,TRUE,,,,,,,3010,,2,,
4335,NGT-012,NGT012,,1419,1611,2,604,2,,,,,,,TRUE,,,,,,,1688,,2,,
4336,PLATE 5x600x745,PLATE5x600x745,,1638,1888,,,2,,,,,,,TRUE,,,,,,,1963,,,,
4337,ADY-125D,ADY125D,,141,109,,,11,,,,,,,TRUE,,,,,,,287,,,,
4338,ADY-099,ADY099,,125,88,,,2,,,,,,,TRUE,,,,,,,189,,,,
4339,ODS-052 R1,ODS052R1,,1544,1773,,,2,,,,,,,TRUE,,,,,,,1849,,,,
4340,ODS-053,ODS053,,1545,1774,2,661,2,,,,,,,TRUE,,,,,,,1850,,2,,
4341,YSD-A-075-2,YSDA0752,,74,3347,,,2,,,,,,,TRUE,,,,,,,3387,,,,
4342,YSD-A-035-1,YSDA0351,,73,3341,,,2,,,,,,,TRUE,,,,,,,3381,,,,
4343,A 別抜き,A別抜き,,2952,15,,,2,,,,,,,TRUE,,,,,,,116,,,,
4344,ODS-055D,ODS055D,,1547,1777,,,11,,,,,,,TRUE,,,,,,,1853,,,,
4345,OKH-001,OKH001,,1559,1789,,,2,,,,,,,TRUE,,,,,,,1865,,,,
4346,NGS-017D,NGS017D,,1413,1604,,,11,,,,,,,TRUE,,,,,,,1681,,,,
4347,SIT-012,SIT012,,1725,1990,2,613,2,,,,,,,TRUE,,,,,,,2061,,2,,
4348,PB74 FHJ 515x347,PB74FHJ515x347,,1635,1886,,,2,,,,,,,TRUE,,,,,,,1961,,,,
4350,SHT-013R3,SHT013R3,,1717,1982,,,2,,,,,,,TRUE,,,,,,,2053,,,,
4352,TE-8-161-5   2P,TE816152P,,4307,2916,1,0,2,,,,,Phan doan o IBARAKI | [旧RackLayer 702] 茨城工場,,TRUE,,,,,,,2974,,1,,
4353,TE-8-156-6,TE81566,,4308,2910,,,2,,,,,,,TRUE,,,,,,,2968,,,,
4354,追加工・修理,追加工・修理,,2949,3519,,,2,,,,,,,TRUE,,,,,,,3558,,,,
4355,SIT-011,SIT011,,1724,1989,2,604,2,,,,,,,TRUE,,,,,,,2060,,2,,
4356,SGK2-001,SGK2001,,1705,1969,,,2,,,,,,,TRUE,,,,,,,2040,,,,
4357,SIT-012,SIT012,,1725,1990,,,2,,,,,,,TRUE,,,,,,,2061,,,,
4358,SGK2-001,SGK2001,,1705,1969,,,2,,,,,,,TRUE,,,,,,,2040,,,,
4359,SIT-013,SIT013,,1726,1991,2,613,2,,,,,,,TRUE,,,,,,,2062,,2,,
4360,SIT-013,SIT013,,1726,1991,,,2,,,,,,,TRUE,,,,,,,2062,,,,
4361,SIT-014,SIT014,,1727,1992,2,613,2,,,,,,,TRUE,,,,,,,2063,,2,,
4362,SIT-014,SIT014,,1727,1992,,,2,,,,,,,TRUE,,,,,,,2063,,,,
4363,SIT-015 R2,SIT015R2,,1728,1993,2,613,2,,,,,,,TRUE,,,,,,,2064,,2,,
4364,SIT-015 R2,SIT015R2,,1728,1993,,,2,,,,,,,TRUE,,,,,,,2064,,,,
4365,SIT-016D,SIT016D,,1729,1994,,,11,,,,,,,TRUE,,,,,,,2065,,,,
4366,SIT-016,SIT016,,1729,3849,2,613,11,,,,,,,TRUE,,,,,,,3857,,2,,
4367,74C スタック用 NPC-T-409,74Cスタック用NPCT409,,2952,13,,,2,,,,,,,TRUE,,,,,,,114,,,,
4368,SIT-011,SIT011,,1724,1989,,,2,,,,,,,TRUE,,,,,,,2060,,,,
4369,KSP-204,KSP204,,1148,1274,,,2,,,,,,,TRUE,,,,,,,1352,,,,
4370,PLATE 5x606x830,PLATE5x606x830,,1639,1889,,,2,,,,,,,TRUE,,,,,,,1964,,,,
4372,PLX-002D,PLX002D,,1641,1891,,,11,,,,,,,TRUE,,,,,,,1966,,,,
4373,TE-9-162-7,TE91627,,68,2955,4,0,2,,,,,[旧RackLayer 701] 日三化成,,TRUE,,,,,,,3011,,4,,
4376,PNS-011,PNS011,,1653,1907,2,142,2,,,,,,,TRUE,,,,,,,1979,,2,,
4377,P-P12127-P,PP12127P,,1655,1909,,,2,,,,,,,TRUE,,,,,,,1981,,,,
4378,TE-8-162-5 R1 PP,TE81625R1PP,,2450,2922,,,2,,,,,,,TRUE,,,,,,,2979,,,,
4379,RDF85 CUTTER JIG,RDF85CUTTERJIG,,1673,1927,,,2,,,,,,,TRUE,,,,,,,1999,,,,
4380,ALCUTTER 270x270 JAE,ALCUTTER270x270JAE,,151,121,,,2,,,,,,,TRUE,,,,,,,299,,,,
4381,RDF85 CUTTER JIG,RDF85CUTTERJIG,,1673,1927,,,2,,,,,,,TRUE,,,,,,,1999,,,,
4382,RV53B Lower VerD32,RV53BLowerVerD32,,1675,1930,,,2,,,,,,,TRUE,,,,,,,2002,,,,
4383,Rv53B Lower VerD25,Rv53BLowerVerD25,,1675,1929,,,2,,,,,,,TRUE,,,,,,,2001,,,,
4384,RV-53B Mounting Plate,RV53BMountingPlate,,1676,1931,,,2,,,,,,,TRUE,,,,,,,2003,,,,
4385,RV74C Lower Table Ver23.4.19,RV74CLowerTableVer23.4.19,,1677,1933,,,2,,,,,,,TRUE,,,,,,,2005,,,,
4386,RV74C Lower Table,RV74CLowerTable,,1677,1932,,,2,,,,,,,TRUE,,,,,,,2004,,,,
4387,RYK-005,RYK005,,1681,1939,,,2,,,,,,,TRUE,,,,,,,2011,,,,
4388,TE-8-161-5   1P,TE816151P,,4307,2915,,,2,,,,,,,TRUE,,,,,,,2973,,,,
4389,SES-001,SES001,,1695,1957,2,604,2,,,,,,,TRUE,,,,,,,2028,,2,,
4390,JAE-112,JAE112,,642,666,,,2,,,,,,,TRUE,,,,,,,758,,,,
4391,ATS-032　PLATE,ATS032PLATE,,242,223,,,2,,,,,,,TRUE,,,,,,,399,,,,
4392,KOS-016 R1,KOS016R1,,959,1030,,,2,,,,,,,TRUE,,,,,,,1108,,,,
4393,JAE-314D,JAE314D,,803,847,,,11,,,,,,,TRUE,,,,,,,929,,,,
4394,DIC-037 No1,DIC037No1,,309,299,2,652,2,,,,,,,TRUE,,,,,,,474,,2,,
4396,ALCUTTER PLATE - YMS 4P,ALCUTTERPLATEYMS4P,,159,127,,,2,,,,,,,TRUE,,,,,,,305,,,,
4397,CMX800V,CMX800V,,2952,249,,,2,,,,,,,TRUE,,,,,,,425,,,,
4398,CMX1100V,CMX1100V,,2952,248,,,2,,,,,,,TRUE,,,,,,,424,,,,
4399,治具,治具,,2944,3516,,,2,,,,,,,TRUE,,,,,,,3555,,,,
4400,DIC-133,DIC133,,385,377,2,654,2,,,,,,,TRUE,,,,,,,552,,2,,
4401,C 別抜き,C別抜き,,2952,231,,,2,,,,,,,TRUE,,,,,,,407,,,,
4402,JAE-296D,JAE296D,,785,823,,,11,,,,,,,TRUE,,,,,,,911,,,,
4403,KDS-134,KDS134,,893,949,,,2,,,,,,,TRUE,,,,,,,1029,,,,
4404,KDS-135,KDS135,,894,950,,,2,,,,,,,TRUE,,,,,,,1030,,,,
4405,ATS-032,ATS032,,242,224,,,2,,,,,,,TRUE,,,,,,,400,,,,
4406,ATS-029D R2,ATS029DR2,,237,217,,,11,,,,,,,TRUE,,,,,,,394,,,,
4407,KDS-141D,KDS141D,,899,956,,,11,,,,,,,TRUE,,,,,,,1035,,,,
4408,ATS-029D,ATS029D,,237,216,,,11,,,,,,,TRUE,,,,,,,393,,,,
4409,ATS-028D R1,ATS028DR1,,235,214,,,11,,,,,,,TRUE,,,,,,,391,,,,
4411,ALCUTTER 234x184 YMS 3P,ALCUTTER234x184YMS3P,,150,119,,,2,,,,,,,TRUE,,,,,,,297,,,,
4412,ALCUTTER PLATE - ADY 2P,ALCUTTERPLATEADY2P,,157,126,,,4,,,,,,,TRUE,,,,,,,304,,,,
4413,YSD-E-100-1,YSDE1001,,425,3360,2,661,2,,,,,,,TRUE,,,,,,,3400,,2,,
4414,JAE - スタキング,JAEスタキング,,3915,610,,,2,,,,,,,TRUE,,,,,,,703,,,,
4415,HKS-012,HKS012,,561,565,2,625,2,,,,,,,TRUE,,,,,,,658,,2,,
4416,HKS-012,HKS012,,561,565,,,2,,,,,,,TRUE,,,,,,,658,,,,
4417,HKS-011,HKS011,,560,564,,,2,,,,,,,TRUE,,,,,,,657,,,,
4418,GAS-005,GAS005,,513,527,,,2,,,,,,,TRUE,,,,,,,620,,,,
4419,YSD-G-100-1,YSDG1001,,512,3390,,,2,,,,,,,TRUE,,,,,,,3430,,,,
4420,FHJ-001 R4,FHJ001R4,,503,516,,,2,,,,,,,TRUE,,,,,,,609,,,,
4421,FHJ-001,FHJ001,,503,515,,,2,,,,,,,TRUE,,,,,,,608,,,,
4422,DIC-064,DIC064,,332,324,2,654,2,,,,,,,TRUE,,,,,,,499,,2,,
4423,ESJ-002D,ESJ002D,,434,443,,,11,,,,,,,TRUE,,,,,,,209,,,,
4424,ATS-028D,ATS028D,,235,213,,,11,,,,,,,TRUE,,,,,,,390,,,,
4425,DuraVertical 5080,DuraVertical5080,,423,432,,,2,,,,,,,TRUE,,,,,,,604,,,,
4426,DIM-019 R1,DIM019R1,,417,417,1,0,2,,,,,[旧RackLayer 702] 茨城工場,,TRUE,,返却済,3/12/2025,,,,589,,1,,
4427,DIM-018,DIM018,,416,416,1,0,2,,,,,丸大 | [旧RackLayer 702] 茨城工場,,TRUE,,返却済,3/12/2025,,,,588,,1,,
4428,DIC-151,DIC151,,4371,398,2,101,2,,,,,,,TRUE,,,,,,,571,,2,,
4429,DIC-147D,DIC147D,,399,395,,,11,,,,,,,TRUE,,,,,,,568,,,,
4430,DIC-147　R4,DIC147R4,,399,396,,,2,,,,,,,TRUE,,,,,,,569,,,,
4431,DIC-146D,DIC146D,,398,393,,,11,,,,,,,TRUE,,,,,,,566,,,,
4432,DIC-146 R3,DIC146R3,,398,392,2,102,2,,,,,テフロン済,,TRUE,,,,,,,565,,2,,
4433,DIC-145　,DIC145,,397,390,2,654,2,,,,,,,TRUE,,,,,,,564,,2,,
4434,ESJ-003D,ESJ003D,,435,444,,,11,,,,,,,TRUE,,,,,,,210,,,,
4435,MTM-179,MTM179,,1293,1453,,,2,,,,,,,TRUE,,,,,,,1531,,,,
4436,KOS-016 R3,KOS016R3,,959,1031,,,2,,,,,,,TRUE,,,,,,,1109,,,,
4437,MTM-172 増面,MTM172増面,,1287,1443,,,2,,,,,,,TRUE,,,,,,,1521,,,,
4438,MTM-173,MTM173,,1288,1444,,,2,,,,,,,TRUE,,,,,,,1522,,,,
4439,MTM-173 増面,MTM173増面,,1288,1445,,,2,,,,,,,TRUE,,,,,,,1523,,,,
4440,MTM-174,MTM174,,37,1446,,,2,,,,,,,TRUE,,,,,,,1524,,,,
4441,MTM-178D R6,MTM178DR6,,1292,1452,,,11,,,,,,,TRUE,,,,,,,1530,,,,
4442,MTM-178 R6 ZM 3cav/4cav,MTM178R6ZM3cav/4cav,,1292,1450,,,2,,,,,,,TRUE,,,,,,,1528,,,,
4443,MTM-178D R3,MTM178DR3,,1292,1451,,,11,,,,,,,TRUE,,,,,,,1529,,,,
4444,MTM-171,MTM171,,1286,1441,,,2,,,,,,,TRUE,,,,,,,1519,,,,
4445,MTM-179 3cav.4cav VN,MTM1793cav.4cavVN,,1293,1454,,,2,,,,,,,TRUE,,,,,,,1532,,,,
4446,MTM-170,MTM170,,1285,1440,,,2,,,,,,,TRUE,,,,,,,1518,,,,
4447,MTM-179,MTM179,,1293,1453,,,2,,,,,,,TRUE,,,,,,,1531,,,,
4448,MTM-180 3CAV/4CAV Vn,MTM1803CAV/4CAVVn,,1294,1456,,,2,,,,,,,TRUE,,,,,,,1534,,,,
4449,MTM-180,MTM180,,1294,1455,,,2,,,,,,,TRUE,,,,,,,1533,,,,
4450,MTM-180,MTM180,,1294,1455,,,2,,,,,,,TRUE,,,,,,,1533,,,,
4451,MTM-181 3CAV/4CAV Vn,MTM1813CAV/4CAVVn,,1295,1458,,,2,,,,,,,TRUE,,,,,,,1536,,,,
4452,MTM-181,MTM181,,1295,1457,,,2,,,,,,,TRUE,,,,,,,1535,,,,
4453,MTM-181,MTM181,,1295,1457,,,2,,,,,,,TRUE,,,,,,,1535,,,,
4454,MTM-182 R2,MTM182R2,,1296,1459,,,2,,,,,,,TRUE,,,,,,,1537,,,,
4455,ALCUTTER 310x210 JAE,ALCUTTER310x210JAE,,152,122,,,2,,,,,,,TRUE,,,,,,,300,,,,
4456,MTM-178D R6,MTM178DR6,,1292,1452,,,11,,,,,,,TRUE,,,,,,,1530,,,,
4457,KYD-001,KYD001,,1165,1297,,,2,,,,,,,TRUE,,,,,,,1375,,,,
4458,ATS-026 ASANO ROD,ATS026ASANOROD,,231,211,,,2,,,,,,,TRUE,,,,,,,388,,,,
4459,ATS-026 ASANO PLATE,ATS026ASANOPLATE,,231,210,,,2,,,,,,,TRUE,,,,,,,387,,,,
4460,ATS-023D,ATS023D,,228,206,,,11,,,,,,,TRUE,,,,,,,383,,,,
4461,KSP-200 R2,KSP200R2,,1144,4578,2,272,2,,,,,,,TRUE,,,,,,,4532,,2,,
4462,ASC-002D,ASC002D,,204,180,,,11,,,,,,,TRUE,,,,,,,357,,,,
4463,ALCUTTER Plate JAE 270x270,ALCUTTERPlateJAE270x270,,158,128,,,2,,,,,,,TRUE,,,,,,,306,,,,
4464,TE-0-057-3,TE00573,,4199,2399,2,720,2,,,,,,,TRUE,,,,,,,2461,,2,,
4465,ALCUTTER ADY 2P,ALCUTTERADY2P,,155,125,,,4,,,,,,,TRUE,,,,,,,303,,,,
4466,MTM-172,MTM172,,1287,1442,,,2,,,,,,,TRUE,,,,,,,1520,,,,
4467,KSP-207,KSP207,,1151,1278,,,2,,,,,,,TRUE,,,,,,,1356,,,,
4468,RDF85 CUTTER JIG,RDF85CUTTERJIG,,1673,1927,,,2,,,,,,,TRUE,,,,,,,1999,,,,
4469,KYD-001D,KYD001D,,1165,1296,,,11,,,,,,,TRUE,,,,,,,1374,,,,
4470,LMN-001,LMN001,,1175,1309,2,175,2,,,,,,,TRUE,,,,,,,1387,,2,,
4471,MCT-001D,MCT001D,,1202,1340,,,11,,,,,,,TRUE,,,,,,,1418,,,,
4472,MILLAC468V,MILLAC468V,,1207,1345,,,2,,,,,,,TRUE,,,,,,,1423,,,,
4473,ALCUTTER 510x340 ADY,ALCUTTER510x340ADY,,154,124,,,4,,,,,,,TRUE,,,,,,,302,,,,
4474,ALCUTTER 508x335 FHJ,ALCUTTER508x335FHJ,,153,123,,,2,,,,,,,TRUE,,,,,,,301,,,,
4475,MTM-015,MTM015,,1275,1418,,,2,,,,,,,TRUE,,,,,,,1496,,,,
4476,MTM-167 VN,MTM167VN,,1283,1438,,,2,,,,,,,TRUE,,,,,,,1516,,,,
4477,MTM-169,MTM169,,1284,1439,,,2,,,,,,,TRUE,,,,,,,1517,,,,
4478,廃油(ドラム缶),廃油(ドラム缶),,2950,3520,,,2,,,,,,,TRUE,,,,,,,3559,,,,
4479,WTN-008,WTN008,,2697,3210,,,2,,,,,,,TRUE,,,,,,,3251,,,,
4480,ドア修理,ドア修理,,2942,3512,,,2,,,,,,,TRUE,,,,,,,3551,,,,
4481,WB74 ND 470x300,WB74ND470x300,,2682,3190,,,2,,,,,,,TRUE,,,,,,,3231,,,,
4482,TE-243252-1 R1,TE2432521R1,,24,2645,,,2,,,,,,,TRUE,,,,,,,2704,,,,
4483,74C PB-H20,74CPBH20,,2952,11,,,2,,,,,,,TRUE,,,,,,,112,,,,
4484,サーブ木板　ZB,サーブ木板ZB,,2938,3504,,,2,,,,,,,TRUE,,,,,,,3543,,,,
4485,RDF85 CUTTER JIG,RDF85CUTTERJIG,,1673,1927,,,2,,,,,,,TRUE,,,,,,,1999,,,,
4486,WTN-006 R1,WTN006R1,,2694,3203,,,2,,,,,,,TRUE,,,,,,,3244,,,,
4487,WB74 590x400 H60 SMK,WB74590x400H60SMK,,2679,3189,,,2,,,,,,,TRUE,,,,,,,3230,,,,
4488,WTN-007,WTN007,,2696,3207,,,2,,,,,,,TRUE,,,,,,,3248,,,,
4489,WB74 530x350,WB74530x350,,2677,3186,,,2,,,,,,,TRUE,,,,,,,3227,,,,
4490,WTN-008D,WTN008D,,2697,3209,,,11,,,,,,,TRUE,,,,,,,3250,,,,
4491,サーブ木板 ZA,サーブ木板ZA,,2937,3503,,,2,,,,,,,TRUE,,,,,,,3542,,,,
4492,WTN-009D R1,WTN009DR1,,2698,3212,,,11,,,,,,,TRUE,,,,,,,3253,,,,
4493,TE-2426384-1,TE24263841,,16,2636,,,2,,,,,,,TRUE,,,,,,,2695,,,,
4494,YCM-064,YCM064,,2734,3254,2,614,2,,,,,,,TRUE,,,,,,,3295,,2,,
4495,TE-2423252-2D R3,TE24232522DR3,,12,2626,,,11,,,,,,,TRUE,,,,,,,2686,,,,
4496,サーブ木板　K,サーブ木板K,,2936,3502,,,2,,,,,,,TRUE,,,,,,,3541,,,,
4497,YCM-069 R1,YCM069R1,,2738,3259,,,2,,,,,,,TRUE,,,,,,,3300,,,,
4498,WTN-006 R2,WTN006R2,,2694,3204,,,2,,,,,,,TRUE,,,,,,,3245,,,,
4499,TE-243252-2 R1,TE2432522R1,,25,2647,,,2,,,,,,,TRUE,,,,,,,2706,,,,
4500,スタキング共通,スタキング共通,,2941,3508,,,2,,,,,,,TRUE,,,,,,,3547,,,,
4501,スタキング　A タイプ,スタキングAタイプ,,2940,3507,,,2,,,,,,,TRUE,,,,,,,3546,,,,
4502,サーブ木板 ZD,サーブ木板ZD,,2939,3505,,,2,,,,,,,TRUE,,,,,,,3544,,,,
4503,TE-2445925-1,TE24459251,,30,2652,,,2,,,,,,,TRUE,,,,,,,2711,,,,
4504,TE-2445924-1,TE24459241,,29,2651,,,2,,,,,,,TRUE,,,,,,,2710,,,,
4505,TOK-010,TOK010,,2633,3139,,,2,,,,,,,TRUE,,,,,,,3180,,,,
4506,TOK-011,TOK011,,2634,3141,,,2,,,,,,,TRUE,,,,,,,3182,,,,
4507,WB74 590x350 H65,WB74590x350H65,,2681,3188,,,2,,,,,,,TRUE,,,,,,,3229,,,,
4508,TE-2432957-1,TE24329571,,26,2648,,,2,,,,,,,TRUE,,,,,,,2707,,,,
4509,YCM-071,YCM071,,2740,3265,2,14,2,,,,,,,TRUE,,,,,,,3305,,2,,
4510,WTN-006 R1,WTN006R1,,2694,3203,,,2,,,,,,,TRUE,,,,,,,3244,,,,
4511,WB ND 470x300x38,WBND470x300x38,,2683,3179,,,2,,,,,,,TRUE,,,,,,,3220,,,,
4512,WB74 499x347,WB74499x347,,2674,3183,,,2,,,,,,,TRUE,,,,,,,3224,,,,
4513,WB74 500x400x50 YMS,WB74500x400x50YMS,,2675,3184,,,2,,,,,,,TRUE,,,,,,,3225,,,,
4514,WB74 590x350,WB74590x350,,2678,3187,,,2,,,,,,,TRUE,,,,,,,3228,,,,
4515,WB74 UPPER - 620x250,WB74UPPER620x250,,2680,3191,,,2,,,,,,,TRUE,,,,,,,3232,,,,
4516,WB74 470x450,WB74470x450,,2673,3182,,,2,,,,,,,TRUE,,,,,,,3223,,,,
4517,WB74 515x347 FHJ,WB74515x347FHJ,,2676,3185,,,2,,,,,,,TRUE,,,,,,,3226,,,,
4518,サーブ木板 ZD,サーブ木板ZD,,2939,3505,,,2,,,,,,,TRUE,,,,,,,3544,,,,
4519,YSD-Z-100-2D,YSDZ1002D,,2851,3421,,,11,,,,,,,TRUE,,,,,,,3460,,,,
4520,TE-2423252-1 R2,TE24232521R2,,11,2622,2,223,2,,,,,,,TRUE,,,,,,10/10/2024,2682,,2,,
4521,12X356X460,12X356X460,,40,1,,,2,,,,,,,TRUE,,,,,,,102,,,,
4522,YSD-Z-020-1D,YSDZ0201D,,2921,3409,,,11,,,,,,,TRUE,,,,,,,3449,,,,
4523,TE-1-163-2D R1,TE11632DR1,,8,2521,,,11,,,,,,,TRUE,,,,,,,2582,,,,
4525,TE-1-163-2D,TE11632D,,8,2520,,,11,,,,,,,TRUE,,,,,,,2581,,,,
4526,TE-1-163-1D,TE11631D,,7,2519,,,11,,,,,,,TRUE,,,,,,,2580,,,,
4527,YCM-070,YCM070,,2739,3262,,,2,,,,,,,TRUE,,,,,,,3303,,,,
4528,TE-1-078-9,TE10789,,2,2477,,,2,,,,,,,TRUE,,,,,,,2538,,,,
4529,YMS-002D R2 VN,YMS002DR2VN,,2766,3302,,,11,,,,,,,TRUE,,,,,,,3342,,,,
4530,YSD-Z-050-3D,YSDZ0503D,,2922,3415,,,11,,,,,,,TRUE,,,,,,,3455,,,,
4531,WB ZA,WBZA,,2672,3181,,,2,,,,,,,TRUE,,,,,,,3222,,,,
4532,ZA 別抜き,ZA別抜き,,2927,3492,,,2,,,,,,,TRUE,,,,,,,3531,,,,
4533,ZB木板,ZB木板,,2928,3493,,,2,,,,,,,TRUE,,,,,,,3532,,,,
4534,エアコン室外機カーバー,エアコン室外機カーバー,,2929,3496,,,2,,,,,,,TRUE,,,,,,,3535,,,,
4535,カットライン別抜き,カットライン別抜き,,2930,3497,,,2,,,,,,,TRUE,,,,,,,3536,,,,
4536,キリコだし,キリコだし,,2931,3498,,,2,,,,,,,TRUE,,,,,,,3537,,,,
4537,コンプレッサー　PB11MNB5,コンプレッサーPB11MNB5,,2932,3499,,,2,,,,,,,TRUE,,,,,,,3538,,,,
4538,TE-1-160-4 (Kaizen),TE11604(Kaizen),,6,2513,,,2,,,,,外形調整した金型・加工不具合発生したため再作成が必要,,TRUE,,,,,,,2574,,,,
4539,サーブ木板　A,サーブ木板A,,2934,3500,,,2,,,,,,,TRUE,,,,,,,3539,,,,
4540,Vプーリー,Vプーリー,,2670,3178,,,2,,,,,,,TRUE,,,,,,,3219,,,,
4541,YCM-071D,YCM071D,,2740,3264,,,11,,,,,,,TRUE,,,,,,,3304,,,,
4542,YCM-072,YCM072,,2741,3267,,,2,,,,,,,TRUE,,,,,,,3307,,,,
4543,YCM-072D,YCM072D,,2741,3266,,,11,,,,,,,TRUE,,,,,,,3306,,,,
4544,YCM-073D,YCM073D,,2742,3269,,,11,,,,,,,TRUE,,,,,,,3309,,,,
4545,サーブ木板　D,サーブ木板D,,2935,3501,,,2,,,,,,,TRUE,,,,,,,3540,,,,
4546,YCM-074D,YCM074D,,2743,3270,,,11,,,,,,,TRUE,,,,,,,3310,,,,
4547,YES-004,YES004,,2748,3275,2,184,2,,,,,,,TRUE,,,,,,,3315,,2,,
4548,YMS-069,YMS069,,2767,3306,,,2,,,,,,,TRUE,,,,,,,3346,,,,
4549,YKW-008,YKW008,,2762,3292,,,2,,,,,,,TRUE,,,,,,,3332,,,,
4550,YMS-002D VN,YMS002DVN,,2766,3303,,,11,,,,,,,TRUE,,,,,,,3343,,,,
4551,TE-2423252-2 R4,TE24232522R4,,12,2628,2,223,2,,,,,,,TRUE,,,,,,,2687,,2,,
4552,YMS-001 4P,YMS0014P,,2764,3298,,,2,,,,,,,TRUE,,,,,,,3338,,,,
4553,YMS-001 R2,YMS001R2,,2764,3299,,,2,,,,,,,TRUE,,,,,,,3339,,,,
4554,サーブ木板　A,サーブ木板A,,2934,3500,,,2,,,,,,,TRUE,,,,,,,3539,,,,
4555,YMS-001D R1,YMS001DR1,,2764,3296,,,11,,,,,,,TRUE,,,,,,,3336,,,,
4556,YMS-001D R2,YMS001DR2,,2764,3297,,,11,,,,,,,TRUE,,,,,,,3337,,,,
4557,YMS-002 A/B VN,YMS002A/BVN,,2766,3301,,,2,,,,,,,TRUE,,,,,,,3341,,,,
4558,YCM-070D R1,YCM070DR1,,2739,3261,,,11,,,,,,,TRUE,,,,,,,3302,,,,
4559,TE-2423252-2D R1,TE24232522DR1,,12,2625,,,11,,,,,,,TRUE,,,,,,,2685,,,,
4560,SSM-051D,SSM051D,,1922,2263,,,11,,,,,,,TRUE,,,,,,,2327,,,,
4561,3x246x335,3x246x335,,42,4,,,2,,,,,,,TRUE,,,,,,,105,,,,
4562,WB Rv53 470x300,WBRv53470x300,,2671,3180,,,2,,,,,,,TRUE,,,,,,,3221,,,,
4563,社内作業,社内作業,,2948,3518,,,2,,,,,,,TRUE,,,,,,,3557,,,,
4564,機械治具,機械治具,,2943,3514,,,2,,,,,,,TRUE,,,,,,,3553,,,,
4565,TE-4-110-6,TE41106,,43,2739,,,2,,,,,,,TRUE,,,,,,,2798,,,,
4566,SSJ-020,SSJ020,,1869,2207,1,0,2,,,,,[旧RackLayer 702] 茨城工場,,TRUE,,,,,,,2271,,1,,
4567,3x246x335,3x246x335,,42,4,,,2,,,,,,,TRUE,,,,,,,105,,,,
4569,SMK-217 R6,SMK217R6,,1827,2147,,,2,,,,,,,TRUE,,,,,,,2218,,,,
4570,SSM-051D,SSM051D,,1922,2263,,,11,,,,,,,TRUE,,,,,,,2327,,,,
4571,SMK-217,SMK217,,1827,2146,2,656,2,,,,,,,TRUE,,,,,,,2217,,2,,
4573,SSM-052D,SSM052D,,1923,2265,,,11,,,,,,,TRUE,,,,,,,2328,,,,
4574,SSM-053,SSM053,,1924,2269,,,2,,,,,,,TRUE,,,,,,,2332,,,,
4575,SSM-053D,SSM053D,,1924,2268,,,11,,,,,,,TRUE,,,,,,,2331,,,,
4576,SSM-054,SSM054,,1925,2271,,,2,,,,,,,TRUE,,,,,,,2334,,,,
4577,SSM-054D R2,SSM054DR2,,1925,2270,,,11,,,,,,,TRUE,,,,,,,2333,,,,
4578,SSM-055,SSM055,,1927,2275,,,2,,,,,,,TRUE,,,,,,,2338,,,,
4579,SSM-055D,SSM055D,,1927,2274,,,11,,,,,,,TRUE,,,,,,,2337,,,,
4580,STD-016,STD016,,1933,2282,,,2,,,,,,,TRUE,,,,,,,2345,,,,
4581,SSM-050D,SSM050D,,1921,2261,,,11,,,,,,,TRUE,,,,,,,2325,,,,
4582,SKK-008,SKK008,,1780,2063,,,2,,,,,,,TRUE,,,,,,,2134,,,,
4583,SIT-018D,SIT018D,,1731,1998,,,11,,,,,,,TRUE,,,,,,,2069,,,,
4584,74C JAE CUTTER BASE PLATE,74CJAECUTTERBASEPLATE,,2952,10,,,2,,,,,,,TRUE,,,,,,,111,,,,
4585,SIT-019D,SIT019D,,1732,2000,,,11,,,,,,,TRUE,,,,,,,2071,,,,
4586,74C Common Upper Parts,74CCommonUpperParts,,54,9,,,2,,,,,,,TRUE,,,,,,,110,,,,
4587,74C ALUM CUTTER BASE,74CALUMCUTTERBASE,,53,8,,,2,,,,,,,TRUE,,,,,,,109,,,,
4588,74C AB FOR STAKING,74CABFORSTAKING,,52,6,,,2,,,,,,,TRUE,,,,,,,107,,,,
4589,74C-H15 UPPER,74CH15UPPER,,2952,14,,,2,,,,,,,TRUE,,,,,,,115,,,,
4590,74C VENEER BASE,74CVENEERBASE,,2952,12,,,2,,,,,,,TRUE,,,,,,,113,,,,
4591,TE-5-052-2,TE50522,,4285,2779,2,612,2,,,,,,,TRUE,,,,,,,2837,,2,,
4592,SKK-007 R1,SKK007R1,,1779,2061,,,2,,,,,,,TRUE,,,,,,,2132,,,,
4593,SRI-009,SRI009,,1862,2188,,,2,,,,,,,TRUE,,,,,,,2259,,,,
4594,74C JAE CUTTER BASE PLATE,74CJAECUTTERBASEPLATE,,2952,10,,,2,,,,,,,TRUE,,,,,,,111,,,,
4595,74C ALUM CUTTER BASE,74CALUMCUTTERBASE,,53,8,,,2,,,,,,,TRUE,,,,,,,109,,,,
4596,74C ALUM CUTTER BASE,74CALUMCUTTERBASE,,53,8,,,2,,,,,,,TRUE,,,,,,,109,,,,
4597,74C ALUM BASE Ver10t,74CALUMBASEVer10t,,156,7,,,2,,,,,,,TRUE,,,,,,,108,,,,
4598,TE-7-130-7,TE71307,,51,2873,2,625,2,,,,,,,TRUE,,,,,,,2931,,2,,
4599,TE-7-127-7,TE71277,,50,2864,,,2,,,,,,,TRUE,,,,,,,2922,,,,
4600,TE-6-159-7D,TE61597D,,48,2845,,,2,,,,,,,TRUE,,,,,,,2903,,,,
4601,TE-6-065-3,TE60653,,46,2817,2,614,2,,,,,,,TRUE,,,,,,,2875,,2,,
4602,5x600x745 DIM-018,5x600x745DIM018,,45,5,,,2,,,,,,,TRUE,,,,,,,106,,,,
4603,SKK-006,SKK006,,1778,2059,2,602,2,,,,,,,TRUE,,,,,,,2130,,2,,
4604,26.5ｘ82.5ｘ480,26.5ｘ82.5ｘ480,,36,2,,,2,,,,,,,TRUE,,,,,,,103,,,,
4605,TE-2445926-1,TE24459261,,31,2653,,,2,,,,,,,TRUE,,,,,,,2712,,,,
4606,TKD-020,TKD020,,2572,3068,,,2,,,,,,,TRUE,,,,,,,3109,,,,
4607,TKD-020D,TKD020D,,2572,3067,,,11,,,,,,,TRUE,,,,,,,3108,,,,
4608,TE-2457435-1M R1,TE24574351MR1,,32,2655,,,2,,,,,,,TRUE,,,,,,,2714,,,,
4609,TKD-021,TKD021,,2573,3070,,,2,,,,,,,TRUE,,,,,,,3111,,,,
4610,TKD-021D,TKD021D,,2573,3069,,,11,,,,,,,TRUE,,,,,,,3110,,,,
4612,TKD-022,TKD022,,2574,3071,,,2,,,,,,,TRUE,,,,,,,3112,,,,
4613,TE-2457436-1 R5,TE24574361R5,,33,2660,,704,2,,,,,R5の設計ミスため廃棄済（自分）,使用禁止,TRUE,,,,廃棄済,,,2719,廃棄済,,,
4614,金型整理,金型整理,,2945,3515,,,2,,,,,,,TRUE,,,,,,,3554,,,,
4615,TDW-001D R3,TDW001DR3,,2006,2368,,,11,,,,,,,TRUE,,,,,,,2430,,,,
4616,36x260x380,36x260x380,,2933,3,,,2,,,,,,,TRUE,,,,,,,104,,,,
4617,STF-010,STF010,,1941,2295,,,2,,,,,,,TRUE,,,,,,,2358,,,,
4618,STF-010D,STF010D,,1941,2294,,,11,,,,,,,TRUE,,,,,,,2357,,,,
4619,TBG-031,TBG031,,1989,2347,2,604,2,,,,,,,TRUE,,,,,,,2410,,2,,
4620,TKD-022D,TKD022D,,2574,3072,,,11,,,,,,,TRUE,,,,,,,3113,,,,
4621,TBG-032,TBG032,,1990,2348,2,604,2,,,,,,,TRUE,,,,,,,2411,,2,,
4623,治具2021.8.19,治具2021.8.19,,2946,3517,,,2,,,,,,,TRUE,,,,,,,3556,,,,
4625,SHT-017 R3,SHT017R3,,4431,3685,2,71,2,,,,15.5,,,TRUE,,,,,,,3700,,2,,
4626,SHT-018 R2,SHT018R2,,4432,3562,2,71,2,,,,12.0,,,TRUE,,,,,,,3594,,2,,
4627,TIH-024D,TIH024D,,2542,3564,,704,11,,,,,,,TRUE,,,,,,,3596,廃棄済,,,
4628,JAE-331,JAE331,,4435,3565,2,121,2,,,,,,,TRUE,,,,,,,3597,,2,,
4629,JAE-326D,JAE326D,,4436,3566,,704,11,,,,,,,FALSE,,,,,,,3598,廃棄済,,,
4630,JAE-328D,JAE328D,,4438,3568,,704,11,,,,,,,FALSE,,,,,,,3600,廃棄済,,,
4631,JAE-330D,JAE330D,,4460,3591,,704,11,,,,,,,TRUE,,,,,,,3617,廃棄済,,,
4632,JAE-327D,JAE327D,,4437,3567,,704,11,,,,,,,TRUE,,,,,,,3599,廃棄済,,,
4634,MMT-017,MMT017,,4463,3593,2,52,2,469,299,35,7.4,金型確認2024.10.07,InUse,TRUE,,,,,,,3619,,2,,
4636,KIK-002B,KIK002B,,3943,3596,2,1002,2,,,,,,,TRUE,,,,,,,3622,,2,,
4637,NGS-018 R2,NGS018R2,,4467,3717,2,604,2,,,,,2F,,TRUE,,,,,,,3732,,2,,
4638,JAE-333 R1,JAE333R1,,4465,3595,2,121,2,,,,,,,TRUE,,,,,,,3621,,2,,
4639,TDW-001D R2,TDW001DR2,,2006,3604,,,11,,,,,,,TRUE,,,,,,,3628,,,,
4640,HYS-002D,HYS002D,,4466,3602,,,11,,,,,,,TRUE,,,,,,,3626,,,,
4641,PNS-010D,PNS010D,,1651,3598,,,11,,,,,,,TRUE,,,,,,,3623,,,,
4642,WB ZD 470x347 Upper H60,WBZD470x347UpperH60,,4433,3563,,,5,,,,,,,TRUE,,,,,,,3595,,,,
4643,JAE-288 A/B,JAE288A/B,,777,813,,,2,,,,,,,TRUE,,,,,,,902,,,,
4644,ATS-027D,ATS027D,,234,3600,,,11,,,,,,,TRUE,,,,,,,3625,,,,
4645,JAE-329D R1,JAE329DR1,,4464,3594,,,11,,,,,,,TRUE,,,,,,,3620,,,,
4646,NPK-002,NPK002,,4468,3605,2,700,2,,,,6.8,,,TRUE,,,,,,,3629,新規金型,2,,
4647,JAE-326 R1,JAE326R1,,4436,3606,2,123,2,,,,5,,InUse,TRUE,,,,,,,3630,,2,,
4648,SMK-164,SMK164,,4469,3607,2,0,2,385,265,45,8.5kg,廃棄済2024.10.07,InUse,TRUE,,,,廃棄済,10/7/2024,,3631,,2,,
4651,JAE-327,JAE327,,4437,3609,2,124,2,,,,,,,TRUE,,,,,,,3632,,2,,
4655,JAE-325D R1,JAE325DR1,,4470,3611,,704,11,,,,,,,TRUE,,,,,,,3634,廃棄済,,,
4657,ATS-023,ATS023,,228,3612,2,92,2,,,,8.3,,,TRUE,,,,,,10/8/2024,3635,,2,,
4658,JAE-330 R1,JAE330R1,,4460,3613,2,123,2,,,,,,,TRUE,,,,,,10/10/2024,3636,,2,,
4659,JAE-064 R2,JAE064R2,,4471,3614,2,123,2,,,,,,,TRUE,,,,,,10/15/2024,3637,,2,,
4660,TE-0-720992-4,TE07209924,,4472,3615,1,0,2,,,,,[旧RackLayer 702] 茨城工場,,TRUE,,,,,,10/15/2024,3638,,1,,
4661,JAE-328,JAE328,,4438,3616,2,123,2,,,,,,,TRUE,,,,,,10/15/2024,3639,,2,,
4662,JAE-329 R1,JAE329R1,,4464,3617,2,123,2,,,,,,,TRUE,,,,,,10/16/2024,3640,,2,,
4664,JAE-009,JAE009,,4474,3619,2,124,2,,,,,確認済　20241111,,TRUE,,,,,,10/19/2024,3642,,2,,
4665,JAE-207,JAE207,,4475,3620,2,123,2,,,,,JAE-202の再設計,,TRUE,,,,,,10/19/2024,3643,,2,,
4667,JAE-325 R3,JAE325R3,,4470,4699,2,121,2,,,,,,,TRUE,,,,,,10/21/2024,61,,2,,
4668,JAE-332 R1,JAE332R1,,4476,3622,2,121,2,,,,,,,TRUE,,,,,,10/21/2024,3645,,2,,
4670,JAE-334,JAE334,,4494,3640,2,121,2,,,,,,,TRUE,,,,,,10/23/2024,3663,,2,,
4671,JAE-335,JAE335,,4495,3642,2,121,2,,,,,,,TRUE,,,,,,10/23/2024,3664,,2,,
4672,SIT-020,SIT020,,4496,3643,2,660,2,,,,2.75,,,TRUE,,,,,,10/25/2024,3665,,2,,
4675,SIT-021,SIT021,,4497,3645,2,660,2,,,,2.95,,,TRUE,,,,,,10/25/2024,3666,,2,,
4677,SIT-022,SIT022,,4498,3646,2,660,2,,,,,,,TRUE,,,,,,10/25/2024,3667,,2,,
4678,DIC-149 R5,DIC149R5,,4499,3649,1,0,2,,,,,[旧RackLayer 702] 茨城工場,,TRUE,,,,,,10/30/2024,3668,,1,,
4679,JAE-336 R1,JAE336R1,,4500,3650,2,111,2,,,,,20241111 Ngay dinh hinh,,TRUE,,,,,,11/1/2024,3669,,2,,
4680,DIC-150 R3,DIC150R3,,4501,3651,1,0,2,,,,,[旧RackLayer 702] 茨城工場,,TRUE,,,,,,11/5/2024,3670,,1,,
4681,JAE-143,JAE143,,4502,3653,5,0,2,,,,,青森？ | [旧RackLayer 710] 青森工場,,TRUE,,,,,,11/5/2024,3672,,5,,
4682,JAE-136,JAE136,,4503,3654,5,0,2,,,,,[旧RackLayer 710] 青森工場,,TRUE,,,,,,11/5/2024,3673,,5,,
4683,JAE-137 R1,JAE137R1,,4504,3655,5,0,2,,,,,[旧RackLayer 710] 青森工場,,TRUE,,,,,,11/5/2024,3674,,5,,
4684,JAE-144,JAE144,,4505,3656,5,0,2,,,,,[旧RackLayer 710] 青森工場,,TRUE,,,,,,11/5/2024,3675,,5,,
4685,JAE-172,JAE172,,4506,3657,5,0,2,,,,,[旧RackLayer 710] 青森工場,,TRUE,,,,,,11/5/2024,3676,,5,,
4686,JAE-138,JAE138,,4507,3659,1,0,2,,,,,茨城工場・確認済20241107 | [旧RackLayer 702] 茨城工場,,TRUE,,,,,,11/5/2024,3677,,1,,
4687,JAE-142 R1,JAE142R1,,4508,3660,1,0,2,,,,,茨城工場・確認済20241107 | [旧RackLayer 702] 茨城工場,,TRUE,,,,,,11/5/2024,3678,,1,,
4688,JAE-141 R1,JAE141R1,,4509,3661,1,0,2,,,,,茨城工場・確認済20241107 | [旧RackLayer 702] 茨城工場,,TRUE,,,,,,11/5/2024,3679,,1,,
4690,MCT-001D R1,MCT001DR1,,1202,3663,,,11,,,,,,,TRUE,,,,,,11/5/2024,3681,,,,
4691,JAE-140 R2,JAE140R2,,658,3664,1,0,2,,,,,茨城工場・確認済20241107 | [旧RackLayer 702] 茨城工場,,TRUE,,,,,,11/6/2024,3682,,1,,
4693,JAE-076,JAE076,,4510,3665,1,0,2,,,,,茨城工場・確認済20241107 | [旧RackLayer 702] 茨城工場,,TRUE,,,,,,11/6/2024,3683,,1,,
4700,JAE-077,JAE077,,4511,3666,1,0,2,,,,,茨城工場・確認済20241107 | [旧RackLayer 702] 茨城工場,,TRUE,,,,,,11/6/2024,3684,,1,,
4705,JAE-068,JAE068,,4512,3668,1,0,2,,,,,茨城工場・確認済20241107 | [旧RackLayer 702] 茨城工場,,TRUE,,,,,,11/6/2024,3685,,1,,
4706,JAE-084,JAE084,,4513,3669,1,0,2,,,,,茨城工場・確認済20241107 | [旧RackLayer 702] 茨城工場,,TRUE,,,,,,11/6/2024,3686,,1,,
4709,JAE-115,JAE115,,4514,3670,1,0,2,,,,,茨城工場・確認済20241107 | [旧RackLayer 702] 茨城工場,,TRUE,,,,,,11/6/2024,3687,,1,,
4712,JAE-125 R1,JAE125R1,,4515,3671,2,122,2,,,,,JAE CheckList,,TRUE,,,,,,11/6/2024,3688,,2,,
4713,JAE-151 R1,JAE151R1,,4516,3672,1,164,2,,,,,茨城工場・確認済20241107,,TRUE,,,,,,11/6/2024,3689,,1,,
4714,JAE-163 R3,JAE163R3,,4517,3673,2,603,2,,,,,JAE CheckList,,TRUE,,,,,,11/6/2024,3690,,2,,
4716,JAE-205,JAE205,,4518,3675,1,0,2,,,,,茨城工場・確認済20241107 | [旧RackLayer 702] 茨城工場,,TRUE,,,,,,11/6/2024,3691,,1,,
4718,JAE-218,JAE218,,4519,3676,1,0,2,,,,,茨城工場・確認済20241107 | [旧RackLayer 702] 茨城工場,,TRUE,,,,,,11/6/2024,3692,,1,,
4719,JAE-237,JAE237,,4520,3677,1,0,2,,,,,茨城工場・確認済20241107 | [旧RackLayer 702] 茨城工場,,TRUE,,,,,,11/6/2024,3693,,1,,
4720,JAE-,JAE,,4521,3678,2,122,2,,,,,JAE CheckList,,TRUE,,,,,,11/6/2024,3694,,2,,
4722,MOK-006D,MOK006D,,4522,3681,,,11,,,,,,,FALSE,,,,,,11/7/2024,3696,,,,
4723,JAE-046 No2,JAE046No2,,624,640,1,0,,,,,,茨城工場・確認済20241107 | [旧RackLayer 702] 茨城工場,,FALSE,,,,,,11/8/2024,733,,1,,
4726,GKD-001,GKD001,,4524,3682,2,601,2,,,,,,,FALSE,,,,,,11/11/2024,3697,,2,,
4727,TIH-024 R2,TIH024R2,,2542,3683,2,13,,,,,,,,FALSE,,,,,,11/12/2024,3698,,2,,
4729,HYS-002,HYS002,,4466,3684,2,75,,,,,,,,FALSE,,,,,,11/13/2024,3699,,2,,
4731,JAE-110,JAE110,,4525,3686,2,122,,,,,,20241114,,FALSE,,,,,,11/14/2024,3701,,2,,
4733,TE-1-163-1D R1,TE11631DR1,,7,3687,,,11,,,,,,,FALSE,,,,,,11/16/2024,3702,,,,
4737,TE-1-163-2D R3,TE11632DR3,,8,3688,,,11,,,,,,,FALSE,,,,,,11/16/2024,3703,,,,
4738,ADY-107,ADY107,,4526,3689,,704,2,,,,,,,FALSE,,,,廃棄済,11/15/2024,11/16/2024,3704,廃棄済,,,
4740,ADY-120,ADY120,,4527,3690,,704,2,,,,,,,FALSE,,,,廃棄済,11/15/2024,11/16/2024,3705,廃棄済,,,
4742,MOK-006,MOK006,,4522,3691,2,604,,,,,,2F,,FALSE,,,,,,11/18/2024,3706,,2,,
4744,SLK-121,SLK121,,4528,3692,2,612,,,,,,Cutter No 298,,FALSE,,,,,,11/19/2024,3707,,2,,
4745,ADV-022,ADV022,,4529,3693,2,603,2,,,,,Cutter 300,,FALSE,,,,,,11/19/2024,3708,,2,,
4746,ODS-024,ODS024,,4530,3694,2,614,2,,,,,CUTTER 295,,FALSE,,,,,,11/19/2024,3709,,2,,
4747,NGT-006,NGT006,,4531,3695,2,624,,,,,,Cutter 295,,FALSE,,,,,,11/19/2024,3710,,2,,
4748,NGT-009,NGT009,,4532,3696,2,625,,,,,,,,FALSE,,,,,,11/19/2024,3711,,2,,
4749,NGT-004,NGT004,,4533,3697,2,624,,,,,,,,FALSE,,,,,,11/19/2024,3712,,2,,
4750,Mry-020,Mry020,,4534,3698,2,1002,,,,,,,,FALSE,,,,,,11/19/2024,3713,,2,,
4751,CPL-002,CPL002,,4535,3699,2,602,,,,,,,,FALSE,,,,,,11/19/2024,3714,,2,,
4752,MZT-021,MZT021,,4536,3700,2,370,,,,,,,,FALSE,,,,,,11/19/2024,3715,,2,,
4753,SPJ-007,SPJ007,,4537,3701,2,1002,,,,,,,,FALSE,,,,,,11/19/2024,3716,,2,,
4754,SMK-017,SMK017,,4538,3702,2,623,,,,,,,,FALSE,,,,,,11/19/2024,3717,,2,,
4755,SMK-030,SMK030,,4539,3703,2,1002,,,,,,,,FALSE,,,,,,11/19/2024,3718,,2,,
4756,SMK-045,SMK045,,4540,3704,2,1002,,,,,,,,FALSE,,,,,,11/19/2024,3719,,2,,
4757,KDS-051,KDS051,,4541,3705,2,614,2,,,,,,,FALSE,,,,,,11/19/2024,3720,,2,,
4759,MZT-023,MZT023,,4542,3706,2,370,,,,,,,,FALSE,,,,,,11/19/2024,3721,,2,,
4760,DIC-152 R1,DIC152R1,,4552,3716,2,101,2,,,,,,,FALSE,,,,,,11/20/2024,3731,,2,,
4762,TE-3-159-1,TE31591,,4582,3748,2,700,,,,,,sua khuon,,FALSE,,,,,,11/22/2024,3762,新規金型,2,,
4763,SIT-023,SIT023,,,3750,2,660,,,,,,,,FALSE,,,,,,11/26/2024,3763,,2,,
4764,KOS-018,KOS018,,,3751,2,64,,,,,,,,FALSE,,,,,,11/27/2024,3764,,2,,
4770,NKB-001,NKB001,,,3753,2,601,,,,,,2F,,FALSE,,,,,,12/2/2024,3766,,2,,
4773,MTM-132,MTM132,,,3754,2,601,,,,,,,,FALSE,,,,,,12/2/2024,3767,,2,,
4774,SONY-001,SONY001,,,3755,2,601,,,,,,2F,,FALSE,,,,,,12/2/2024,3768,,2,,
4775,CPL-001M,CPL001M,,,3756,2,601,,,,,,2F,,FALSE,,,,,,12/2/2024,3769,,2,,
4776,CPL-001C,CPL001C,,,3757,2,601,,,,,,2F,,FALSE,,,,,,12/2/2024,3770,,2,,
4777,DIC-017,DIC017,,,3734,2,601,2,,,,,2F,,FALSE,,,,,,12/2/2024,3748,,2,,
4778,DIC-026,DIC026,,,3758,2,601,2,,,,,2F,,FALSE,,,,,,12/2/2024,3771,,2,,
4783,DIC-018,DIC018,,,3735,2,601,2,,,,,,,FALSE,,,,,,12/2/2024,3749,,2,,
4784,OTAX-012,OTAX012,,,3759,,704,,,,,,,,FALSE,,,,廃棄済,12/15/2025,12/2/2024,3772,廃棄済,,,
4785,OTAX-011,OTAX011,,,3760,,704,,,,,,,,FALSE,,,,廃棄済,12/15/2025,12/2/2024,3773,廃棄済,,,
4786,DIC-006M,DIC006M,,,3761,2,601,2,,,,,,,FALSE,,,,,,12/2/2024,3774,,2,,
4787,DIC-006T,DIC006T,,,3762,2,601,2,,,,,,,FALSE,,,,,,12/2/2024,3775,,2,,
4788,FDK-001,FDK001,,,3763,2,601,2,,,,,,,FALSE,,,,,,12/2/2024,3776,,2,,
4789,FDK-002,FDK002,,,3764,2,601,2,,,,,,,FALSE,,,,,,12/2/2024,3777,,2,,
4790,EFC-001,EFC001,,,3765,2,602,,,,,,,,FALSE,,,,,,12/2/2024,3778,,2,,
4791,ADV-028,ADV028,,,3629,2,602,2,,,,,,,FALSE,,,,,,12/2/2024,3652,,2,,
4792,TE-2-072-5A,TE20725A,,,3766,2,602,,,,,,,,FALSE,,,,,,12/2/2024,3779,,2,,
4793,TE-2-072-5B,TE20725B,,,3767,2,602,,,,,,,,FALSE,,,,,,12/2/2024,3780,,2,,
4794,ODS-036 R,ODS036R,,,3769,2,602,2,,,,,,,FALSE,,,,,,12/2/2024,3781,,2,,
4795,TE-2-156-4,TE21564,,,3722,2,602,,,,,,,,FALSE,,,,,,12/2/2024,3736,,2,,
4796,IGB-002,IGB002,,,3770,2,602,,,,,,,,FALSE,,,,,,12/2/2024,3782,,2,,
4797,TH-057,TH057,,,3771,2,602,,,,,,,,FALSE,,,,,,12/2/2024,3783,,2,,
4798,TE-2418183-1 TYPE1,TE24181831TYPE1,,,3772,2,602,,,,,,,,FALSE,,,,,,12/2/2024,3784,,2,,
4799,TE-2418183-1 TYPE2,TE24181831TYPE2,,,3773,2,602,,,,,,,,FALSE,,,,,,12/2/2024,3785,,2,,
4800,ADV-038,ADV038,,,3774,2,602,2,,,,,,,FALSE,,,,,,12/2/2024,3786,,2,,
4801,TE-2-145-9,TE21459,,,3775,2,602,,,,,,,,FALSE,,,,,,12/2/2024,3787,,2,,
4802,KDS-124,KDS124,,,3776,2,602,2,,,,,,,FALSE,,,,,,12/2/2024,3788,,2,,
4803,SJI-011,SJI011,,,3777,2,602,,,,,,,,FALSE,,,,,,12/2/2024,3789,,2,,
4804,TE-6-073-6,TE60736,,,3778,2,602,,,,,,,,FALSE,,,,,,12/2/2024,3790,,2,,
4805,SEW-001,SEW001,,,3779,2,602,,,,,,,,FALSE,,,,,,12/2/2024,3791,,2,,
4806,TE-1-447287-1,TE14472871,,,3780,2,602,,,,,,,,FALSE,,,,,,12/2/2024,3792,,2,,
4807,OMG-003,OMG003,,,3719,2,602,,,,,,,,FALSE,,,,,,12/2/2024,3734,,2,,
4808,BSP-001,BSP001,,,3781,2,602,,,,,,,,FALSE,,,,,,12/2/2024,3793,,2,,
4809,TH-056,TH056,,2496,3783,2,603,,,,,,,,FALSE,,,,,,12/2/2024,3794,,2,,
4810,KND-003,KND003,,,3784,2,603,2,,,,,,,FALSE,,,,,,12/2/2024,3795,,2,,
4811,KND-002,KND002,,,3723,2,603,2,,,,,,,FALSE,,,,,,12/2/2024,3737,,2,,
4812,TE-9-130-4,TE91304,,,3785,2,603,,,,,,,,FALSE,,,,,,12/2/2024,3796,,2,,
4813,A3C-002,A3C002,,,3786,2,603,,,,,,,,FALSE,,,,,,12/2/2024,3797,,2,,
4814,TE-023,TE023,,,3787,2,603,,,,,,,,FALSE,,,,,,12/2/2024,3798,,2,,
4815,TE-7-174-1,TE71741,,,3788,2,603,,,,,,,,FALSE,,,,,,12/2/2024,3799,,2,,
4816,TMT-001,TMT001,,,3789,2,603,,,,,,,,FALSE,,,,,,12/2/2024,3800,,2,,
4817,OPK-001,OPK001,,,3790,2,603,,,,,,,,FALSE,,,,,,12/2/2024,3801,,2,,
4818,TE-6-157-0,TE61570,,,3730,2,603,,,,,,,,FALSE,,,,,,12/2/2024,3744,,2,,
4819,MSP-002,MSP002,,,3791,2,603,,,,,,,,FALSE,,,,,,12/2/2024,3802,,2,,
4820,SWT-002,SWT002,,,3792,2,603,,,,,,,,FALSE,,,,,,12/2/2024,3803,,2,,
4821,OOT-029,OOT029,,,3793,2,603,,,,,,,,FALSE,,,,,,12/2/2024,3804,,2,,
4822,OMG-004,OMG004,,,3794,2,603,,,,,,,,FALSE,,,,,,12/2/2024,3805,,2,,
4823,SJI-003 No2,SJI003No2,,,2003,2,603,,,,,,,,FALSE,,,,,,12/2/2024,2074,,2,,
4824,ADV-031,ADV031,,,3741,2,603,2,,,,,,,FALSE,,,,,,12/2/2024,3755,,2,,
4825,ADV-030,ADV030,,,3796,2,622,2,,,,,,,FALSE,,,,,,12/2/2024,3806,,2,,
4826,SHT-001,SHT001,,,3797,2,603,,,,,,,,FALSE,,,,,,12/2/2024,3807,,2,,
4827,SIT-008,SIT008,,,3798,2,604,,,,,,,,FALSE,,,,,,12/2/2024,3808,,2,,
4828,TH-007,TH007,,,3799,2,604,,,,,,,,FALSE,,,,,,12/2/2024,3809,,2,,
4829,A3C-001,A3C001,,,3800,2,604,,,,,,,,FALSE,,,,,,12/2/2024,3810,,2,,
4830,TE-6-074-9,TE60749,,,3801,2,604,,,,,,,,FALSE,,,,,,12/2/2024,3811,,2,,
4831,TE-9-142-2,TE91422,,,3802,2,625,,,,,,,,FALSE,,,,,,12/2/2024,3812,,2,,
4832,NGT-003,NGT003,,,3803,2,604,,,,,,,,FALSE,,,,,,12/2/2024,3813,,2,,
4833,TE-3-143-5,TE31435,,,3804,2,604,,,,,,,,FALSE,,,,,,12/2/2024,3814,,2,,
4834,TE-9-143-2,TE91432,,,3805,2,604,,,,,,,,FALSE,,,,,,12/2/2024,3815,,2,,
4835,KKG-004,KKG004,,,3806,2,604,,,,,,,,FALSE,,,,,,12/2/2024,3816,,2,,
4836,TMC-004,TMC004,,,3807,2,604,,,,,,,,FALSE,,,,,,12/2/2024,3817,,2,,
4837,SIT-009,SIT009,,,3808,2,604,,,,,,,,FALSE,,,,,,12/2/2024,3818,,2,,
4838,ADY-116,ADY116,,,3809,2,604,2,,,,,,,FALSE,,,,,,12/2/2024,3819,,2,,
4839,KOS-004,KOS004,,,3810,2,604,,,,,,,,FALSE,,,,,,12/2/2024,3820,,2,,
4840,ESJ-001,ESJ001,,,3811,2,604,,,,,,,,FALSE,,,,,,12/2/2024,3821,,2,,
4841,MTY-001,MTY001,,,3812,2,604,,,,,,,,FALSE,,,,,,12/2/2024,3822,,2,,
4842,KOK-005,KOK005,,,3813,2,604,,,,,,,,FALSE,,,,,,12/2/2024,3823,,2,,
4843,KND-015,KND015,,,3814,2,604,2,,,,,,,FALSE,,,,,,12/2/2024,3824,,2,,
4844,KDS-128,KDS128,,,3815,2,604,2,,,,,,,FALSE,,,,,,12/2/2024,3825,,2,,
4845,TMT-002,TMT002,,,3816,2,604,,,,,,,,FALSE,,,,,,12/2/2024,3826,,2,,
4846,TBG-029,TBG029,,,3817,2,604,,,,,,,,FALSE,,,,,,12/2/2024,3827,,2,,
4847,TBG-021,TBG021,,,3818,2,604,,,,,,,,FALSE,,,,,,12/2/2024,3828,,2,,
4848,TE-6-142-3,TE61423,,,3636,2,604,,,,,,,,FALSE,,,,,,12/2/2024,3659,,2,,
4849,TE-9-157-7,TE91577,,,3819,2,625,,,,,,,,FALSE,,,,,,12/2/2024,3829,,2,,
4850,TE-2307445-1,TE23074451,,,3820,2,604,,,,,,,,FALSE,,,,,,12/2/2024,3830,,2,,
4852,SIT-004,SIT004,,,3822,2,604,,,,,,,,FALSE,,,,,,12/2/2024,3831,,2,,
4853,KND-016,KND016,,,3823,2,604,2,,,,,,,FALSE,,,,,,12/2/2024,3832,,2,,
4854,SLK-131,SLK131,,,3825,2,612,,,,,,,,FALSE,,,,,,12/3/2024,3833,,2,,
4855,SLK-137,SLK137,,,3826,2,612,,,,,,,,FALSE,,,,,,12/3/2024,3834,,2,,
4856,SLK-139 R,SLK139R,,,3827,2,612,,,,,,,,FALSE,,,,,,12/3/2024,3835,,2,,
4874,SLK-132,SLK132,,,3828,2,612,,,,,,,,FALSE,,,,,,12/3/2024,3836,,2,,
4877,SLK-134,SLK134,,,3829,2,612,,,,,,,,FALSE,,,,,,12/3/2024,3837,,2,,
4878,SLK-138,SLK138,,,3830,2,612,,,,,,,,FALSE,,,,,,12/3/2024,3838,,2,,
4879,SLK-135,SLK135,,,3831,2,612,,,,,,,,FALSE,,,,,,12/3/2024,3839,,2,,
4880,SLK-140,SLK140,,,3832,2,612,,,,,,,,FALSE,,,,,,12/3/2024,3840,,2,,
4881,SLK-129,SLK129,,,3833,2,612,,,,,,,,FALSE,,,,,,12/3/2024,3841,,2,,
4882,SLK-123,SLK123,,,3834,2,612,,,,,,,,FALSE,,,,,,12/3/2024,3842,,2,,
4883,SLK-136,SLK136,,,3835,2,612,,,,,,,,FALSE,,,,,,12/3/2024,3843,,2,,
4884,SLK-116,SLK116,,,3836,2,612,,,,,,,,FALSE,,,,,,12/3/2024,3844,,2,,
4885,SLK-125,SLK125,,,3837,2,612,,,,,,,,FALSE,,,,,,12/3/2024,3845,,2,,
4886,SLK-141,SLK141,,,3838,2,612,,,,,,,,FALSE,,,,,,12/3/2024,3846,,2,,
4887,SLK-133,SLK133,,,3839,2,612,,,,,,,,FALSE,,,,,,12/3/2024,3847,,2,,
4888,OTP-004,OTP004,,,3840,2,612,,,,,,,,FALSE,,,,,,12/3/2024,3848,,2,,
4889,OTP-002,OTP002,,,3841,2,612,,,,,,,,FALSE,,,,,,12/3/2024,3849,,2,,
4890,OTP-001,OTP001,,,3842,2,612,,,,,,,,FALSE,,,,,,12/3/2024,3850,,2,,
4891,OTP-005,OTP005,,,3843,2,612,,,,,,,,FALSE,,,,,,12/3/2024,3851,,2,,
4892,OTHER-613,OTHER613,,,3844,2,612,,,,,,,,FALSE,,,,,,12/3/2024,3852,,2,,
4893,TE-3-066-6 No2,TE30666No2,,,2686,2,613,,,,,,,,FALSE,,,,,,12/3/2024,2745,,2,,
4894,TE-1-145-2,TE11452,,,3845,2,613,,,,,,,,FALSE,,,,,,12/3/2024,3853,,2,,
4895,A3C-003,A3C003,,,3846,2,613,,,,,,,,FALSE,,,,,,12/3/2024,3854,,2,,
4896,TE-3-023-0 B,TE30230B,,,3847,2,613,,,,,,,,FALSE,,,,,,12/3/2024,3855,,2,,
4897,TE-3-023-0 A,TE30230A,,,3848,2,613,,,,,,,,FALSE,,,,,,12/3/2024,3856,,2,,
4899,TE-2289506-1,TE22895061,,,3850,2,625,,,,,,,,FALSE,,,,,,12/3/2024,3858,,2,,
4900,TE-2289554-1,TE22895541,,,3851,2,613,,,,,,,,FALSE,,,,,,12/3/2024,3859,,2,,
4901,PS-100,PS100,,,3852,2,603,,,,,,,,FALSE,,,,,,12/3/2024,3860,,2,,
4902,PS-050,PS050,,,3853,2,603,,,,,,,,FALSE,,,,,,12/3/2024,3861,,2,,
4903,GMY-091,GMY091,,,3854,2,613,,,,,,,,FALSE,,,,,,12/3/2024,3862,,2,,
4904,EFC-002,EFC002,,,3855,2,613,,,,,,,,FALSE,,,,,,12/3/2024,3863,,2,,
4905,TE-3-066-8 NO1,TE30668NO1,,,3857,2,613,,,,,,,,FALSE,,,,,,12/3/2024,3864,,2,,
4906,TE-3-066-8 NO2,TE30668NO2,,,3857,2,613,,,,,,,,FALSE,,,,,,12/3/2024,3864,,2,,
4907,TE-7-162-7,TE71627,,,3859,2,613,,,,,,,,FALSE,,,,,,12/3/2024,3865,,2,,
4908,SKK-005,SKK005,,,3626,2,613,,,,,,,,FALSE,,,,,,12/3/2024,3649,,2,,
4909,KDS-117,KDS117,,,3860,2,613,2,,,,,,,FALSE,,,,,,12/3/2024,3866,,2,,
4910,TE-3-066-7B,TE30667B,,,2687,2,613,,,,,,,,FALSE,,,,,,12/3/2024,2746,,2,,
4911,TE-2421086-1,TE24210861,,,3861,2,613,,,,,,,,FALSE,,,,,,12/3/2024,3867,,2,,
4912,YCM-052,YCM052,,,3862,2,613,,,,,,,,FALSE,,,,,,12/3/2024,3868,,2,,
4913,YSM-003,YSM003,,,3426,2,613,,,,,,,,FALSE,,,,,,12/3/2024,3465,,2,,
4914,KDS-062,KDS062,,,3863,2,613,2,,,,,,,FALSE,,,,,,12/3/2024,3869,,2,,
4915,TE-5-072-7,TE50727,,,3864,2,614,,,,,,,,FALSE,,,,,,12/3/2024,3870,,2,,
4916,TE-3-066-3,TE30663,,,3865,2,614,,,,,,,,FALSE,,,,,,12/3/2024,3871,,2,,
4917,TE-5-072-8,TE50728,,,3866,2,614,,,,,,,,FALSE,,,,,,12/3/2024,3872,,2,,
4918,TE-5-072-5,TE50725,,,3867,2,614,,,,,,,,FALSE,,,,,,12/3/2024,3873,,2,,
4919,A3C-004,A3C004,,,3868,2,614,,,,,,,,FALSE,,,,,,12/3/2024,3874,,2,,
4920,YPC-001,YPC001,,,3869,2,614,,,,,,,,FALSE,,,,,,12/3/2024,3875,,2,,
4921,TCT-001,TCT001,,,3870,2,614,,,,,,,,FALSE,,,,,,12/3/2024,3876,,2,,
4922,TE-5-072-9,TE50729,,,3871,2,614,,,,,,,,FALSE,,,,,,12/3/2024,3877,,2,,
4923,TE-5-072-3,TE50723,,,3872,2,614,,,,,,,,FALSE,,,,,,12/3/2024,3878,,2,,
4924,CK-003,CK003,,,3637,2,614,,,,,,,,FALSE,,,,,,12/3/2024,3660,,2,,
4925,YPC-004,YPC004,,,3873,2,614,,,,,,,,FALSE,,,,,,12/3/2024,3879,,2,,
4926,TE-3-059-6,TE30596,,,3874,2,614,,,,,,,,FALSE,,,,,,12/3/2024,3880,,2,,
4927,TE-4-061-3,TE40613,,,3875,2,614,,,,,,,,FALSE,,,,,,12/3/2024,3881,,2,,
4928,TE-5-072-2,TE50722,,,3876,2,614,,,,,,,,FALSE,,,,,,12/3/2024,3882,,2,,
4929,SIT-007,SIT007,,,3877,2,614,,,,,,,,FALSE,,,,,,12/3/2024,3883,,2,,
4930,TE-1-162-9,TE11629,,,3878,2,614,,,,,,,,FALSE,,,,,,12/3/2024,3884,,2,,
4931,HIN-003,HIN003,,,3879,2,614,,,,,,,,FALSE,,,,,,12/3/2024,3885,,2,,
4932,TE-9-078-7,TE90787,,,3880,2,614,,,,,,,,FALSE,,,,,,12/3/2024,3886,,2,,
4933,TE-9-157-6,TE91576,,,3881,2,625,,,,,,,,FALSE,,,,,,12/3/2024,3887,,2,,
4934,APF-005,APF005,,,3882,2,603,,,,,,,,FALSE,,,,,,12/3/2024,3888,,2,,
4935,TE-2-156-0 R,TE21560R,,,3742,2,613,,,,,,,,FALSE,,,,,,12/3/2024,3756,,2,,
4936,SMK-009,SMK009,,,3884,2,621,,,,,,,,FALSE,,,,,,12/3/2024,3889,,2,,
4937,SMK-034,SMK034,,,3885,2,621,,,,,,,,FALSE,,,,,,12/3/2024,3890,,2,,
4938,SMK-001?,SMK001?,,,2092,2,621,,,,,,,,FALSE,,,,,,12/3/2024,2163,,2,,
4939,TSP-006,TSP006,,,3886,2,15,,,,,,,,FALSE,,,,,,12/3/2024,3891,,2,,
4948,SMK-012,SMK012,,,3887,2,621,,,,,,,,FALSE,,,,,,12/4/2024,3892,,2,,
4949,SMK-148,SMK148,,,3888,2,621,,,,,,,,FALSE,,,,,,12/4/2024,3893,,2,,
4950,SMK-078,SMK078,,5153,3889,,704,,,,,,,,FALSE,,,,廃棄済,1/5/2026,12/4/2024,3894,廃棄済,,,
4951,SMK-081,SMK081,,,3890,2,621,,,,,,,,FALSE,,,,,,12/4/2024,3895,,2,,
4953,SMK-095,SMK095,,,3891,2,621,,,,,,,,FALSE,,,,,,12/4/2024,3896,,2,,
4954,SMK-022,SMK022,,,3892,2,621,,,,,,,,FALSE,,,,,,12/4/2024,3897,,2,,
4955,SMK-021,SMK021,,,3893,2,621,,,,,,,,FALSE,,,,,,12/4/2024,3898,,2,,
4956,SMK-016,SMK016,,,3894,2,621,,,,,,,,FALSE,,,,,,12/4/2024,3899,,2,,
4957,SMK-018,SMK018,,,3895,2,622,,,,,,,,FALSE,,,,,,12/4/2024,3900,,2,,
4958,SMK-064,SMK064,,,3896,2,622,,,,,,,,FALSE,,,,,,12/4/2024,3901,,2,,
4959,SMK-077,SMK077,,,3897,2,622,,,,,,,,FALSE,,,,,,12/4/2024,3902,,2,,
4960,SMK-170,SMK170,,,3898,,704,,,,,,,,FALSE,,,,廃棄済,1/16/2025,12/4/2024,3903,廃棄済,,,
4961,ADY-030,ADY030,,,3899,2,622,2,,,,,,,FALSE,,,,,,12/4/2024,3904,,2,,
4962,SMK-024,SMK024,,,3900,2,622,,,,,,,,FALSE,,,,,,12/4/2024,3905,,2,,
4963,SMK-035,SMK035,,,3901,2,622,,,,,,,,FALSE,,,,,,12/4/2024,3906,,2,,
4964,SMK-063,SMK063,,,3902,2,623,,,,,,,,FALSE,,,,,,12/4/2024,3907,,2,,
4965,SMK-072,SMK072,,,3903,2,623,,,,,,,,FALSE,,,,,,12/4/2024,3908,,2,,
4966,SMK-067,SMK067,,,3904,2,623,,,,,,,,FALSE,,,,,,12/4/2024,3909,,2,,
4967,SMK-073,SMK073,,,3905,2,623,,,,,,,,FALSE,,,,,,12/4/2024,3910,,2,,
4968,SMK-069,SMK069,,,3906,2,623,,,,,,,,FALSE,,,,,,12/4/2024,3911,,2,,
4969,SMK-080,SMK080,,,3907,2,623,,,,,,プラグのみ,,FALSE,,,,,,12/4/2024,3912,,2,,
4970,SMK-065,SMK065,,,3908,2,623,,,,,,プラグのみ,,FALSE,,,,,,12/4/2024,3913,,2,,
4971,SMK-057,SMK057,,4704,3909,2,623,,,,,,プラグのみ,,FALSE,,,,,,12/4/2024,3914,,2,,
4972,SMK-082,SMK082,,4705,3910,2,623,,,,,,,,FALSE,,,,,,12/4/2024,3915,,2,,
4973,SMK-002,SMK002,,4706,3911,2,623,,,,,,,,FALSE,,,,,,12/4/2024,3916,,2,,
4974,SMK-083xxx,SMK083xxx,,4707,3912,2,623,,,,,,,,FALSE,,,,,,12/4/2024,3917,,2,,
4977,SMK-084,SMK084,,4710,3915,,704,,,,,,,,FALSE,,,,廃棄済,5/8/2025,12/4/2024,3918,廃棄済,,,
4978,SMK-062,SMK062,,4711,3916,2,623,,,,,,,,FALSE,,,,,,12/4/2024,3919,,2,,
4980,TE-9-103-8,TE91038,,4713,3918,2,624,,,,,,,,FALSE,,,,,,12/4/2024,3920,,2,,
4981,TE-3-156-8,TE31568,,4714,3919,2,604,,,,,,,,FALSE,,,,,,12/4/2024,3921,,2,,
4982,TE-4-156-5,TE41565,,4715,3920,2,624,,,,,,,,FALSE,,,,,,12/4/2024,3922,,2,,
4983,TE-7-157-2,TE71572,,4716,3921,2,624,,,,,,,,FALSE,,,,,,12/4/2024,3923,,2,,
4984,MSP-001,MSP001,,4717,3922,2,624,,,,,,,,FALSE,,,,,,12/4/2024,3924,,2,,
4985,TE-2-145-6,TE21456,,4718,3923,2,613,,,,,,,,FALSE,,,,,,12/4/2024,3925,,2,,
4986,KSP-127,KSP127,,4719,3924,2,624,,,,,,,,FALSE,,,,,,12/4/2024,3926,,2,,
4987,TE-016,TE016,,4720,3925,2,624,,,,,,,,FALSE,,,,,,12/4/2024,3927,,2,,
4988,TE-004,TE004,,4721,3926,2,624,,,,,,,,FALSE,,,,,,12/4/2024,3928,,2,,
4989,TE-021,TE021,,4722,3927,2,624,,,,,,,,FALSE,,,,,,12/4/2024,3929,,2,,
4990,TE-8-130-9,TE81309,,4723,3928,2,624,,,,,,,,FALSE,,,,,,12/4/2024,3930,,2,,
4991,TE-8-130-6,TE81306,,4724,3929,2,624,,,,,,,,FALSE,,,,,,12/4/2024,3931,,2,,
4995,DIC-153,DIC153,,,3930,2,181,2,,,,,,,FALSE,,,,,,12/4/2024,3932,,2,,
4996,KND-012,KND012,,4734,3740,2,624,2,,,,,,,FALSE,,,,,,12/5/2024,3754,,2,,
4997,KSC-004,KSC004,,4734,3931,2,624,,,,,,,,FALSE,,,,,,12/5/2024,3933,,2,,
4998,ADV-036,ADV036,,4734,3932,2,624,2,,,,,,,FALSE,,,,,,12/5/2024,3934,,2,,
4999,TE-1-108-5,TE11085,,4734,3933,2,624,,,,,,,,FALSE,,,,,,12/5/2024,3935,,2,,
5000,KSE-017,KSE017,,4734,3624,2,656,,,,,,,,FALSE,,,,,,12/5/2024,3647,,2,,
5001,TE-4-075-7,TE40757,,4734,3934,2,625,,,,,,高い,,FALSE,,,,,,12/5/2024,3936,,2,,
5002,TE-2289529-1,TE22895291,,4734,3935,2,625,,,,,,,,FALSE,,,,,,12/5/2024,3937,,2,,
5003,TE-1-074-2,TE10742,,4734,3936,2,625,,,,,,,,FALSE,,,,,,12/5/2024,3938,,2,,
5004,TE-2289548-1,TE22895481,,4734,3937,2,613,,,,,,,,FALSE,,,,,,12/5/2024,3939,,2,,
5005,TE-2289538-1,TE22895381,,4734,3938,2,625,,,,,,,,FALSE,,,,,,12/5/2024,3940,,2,,
5006,TE-7-157-1,TE71571,,4734,3738,2,625,,,,,,,,FALSE,,,,,,12/5/2024,3752,,2,,
5007,DIC-156,DIC156,,,3939,2,101,2,,,,,,,FALSE,,,,,,12/5/2024,3941,,2,,
5008,DIC-157,DIC157,,,3940,2,101,2,,,,,,,FALSE,,,,,,12/6/2024,3942,,2,,
5009,YCM-036 R,YCM036R,,2715,3941,2,625,,,,,,,,FALSE,,,,,,12/6/2024,3943,,2,,
5010,YCM-021,YCM021,,4734,3724,2,625,,,,,,,,FALSE,,,,,,12/6/2024,3738,,2,,
5011,YMT-009,YMT009,,4734,3725,2,625,,,,,,,,FALSE,,,,,,12/6/2024,3739,,2,,
5012,SSK-007,SSK007,,4734,3942,2,625,,,,,,,,FALSE,,,,,,12/6/2024,3944,,2,,
5013,TE-2289513-1,TE22895131,,4734,3943,2,625,,,,,,,,FALSE,,,,,,12/6/2024,3945,,2,,
5014,TE-2289530-1,TE22895301,,4734,3944,2,625,,,,,,,,FALSE,,,,,,12/6/2024,3946,,2,,
5015,TE-1-074-3,TE10743,,4734,3945,2,625,,,,,,,,FALSE,,,,,,12/6/2024,3947,,2,,
5016,TE-2289556-1,TE22895561,,4734,3946,2,625,,,,,,,,FALSE,,,,,,12/6/2024,3948,,2,,
5017,TE-8-142-4,TE81424,,4734,3947,2,604,,,,,,,,FALSE,,,,,,12/6/2024,3949,,2,,
5018,CK-001,CK001,,4734,3948,2,625,,,,,,,,FALSE,,,,,,12/6/2024,3950,,2,,
5019,CK-002,CK002,,4734,3949,2,625,,,,,,,,FALSE,,,,,,12/6/2024,3951,,2,,
5020,TE-9-143-0,TE91430,,4734,3950,2,625,,,,,,,,FALSE,,,,,,12/6/2024,3952,,2,,
5021,TE-9-130-1,TE91301,,4734,3951,2,625,,,,,,,,FALSE,,,,,,12/6/2024,3953,,2,,
5022,TE-9-130-5,TE91305,,4734,3952,2,625,,,,,,,,FALSE,,,,,,12/6/2024,3954,,2,,
5023,TE-9-130-3,TE91303,,4734,3953,2,625,2,,,,,,,FALSE,,,,,,12/6/2024,3955,,2,,
5024,YCM-063,YCM063,,4734,3954,2,625,2,,,,,,,FALSE,,,,,,12/6/2024,3956,,2,,
5025,YCM-062,YCM062,,4734,3955,2,625,2,,,,,,,FALSE,,,,,,12/6/2024,3957,,2,,
5026,TE-1-130-1,TE11301,,4734,3956,2,625,2,,,,,,,FALSE,,,,,,12/6/2024,3958,,2,,
5027,TE-2-143-0,TE21430,,4734,3957,2,625,2,,,,,,,FALSE,,,,,,12/6/2024,3959,,2,,
5028,TE-1-108-3,TE11083,,4734,3958,2,625,2,,,,,,,FALSE,,,,,,12/6/2024,3960,,2,,
5029,TE-1-108-4,TE11084,,4734,3959,2,625,2,,,,,,,FALSE,,,,,,12/6/2024,3961,,2,,
5030,ODS-039 NO2,ODS039NO2,,,1763,2,625,2,,,,,2F kiem tra xem co trung khuon khong,,FALSE,,,,,,12/6/2024,1839,,2,,
5032,TE-9-130-6,TE91306,,4734,3961,2,625,2,,,,,,,FALSE,,,,,,12/6/2024,3962,,2,,
5033,TE-2822661-1,TE28226611,,4734,3962,2,625,2,,,,,,,FALSE,,,,,,12/6/2024,3963,,2,,
5034,SMK-150xx,SMK150xx,,4734,3963,2,651,2,,,,,,,FALSE,,,,,,12/6/2024,3964,,2,,
5035,SMK-159,SMK159,,4734,3964,2,651,2,,,,,,,FALSE,,,,,,12/6/2024,3965,,2,,
5036,SMK-201,SMK201,,4734,3965,,704,2,,,,,,,FALSE,,,,廃棄済,5/8/2025,12/6/2024,3966,廃棄済,,,
5037,SMK-145xx,SMK145xx,,4734,3966,2,651,2,,,,,,,FALSE,,,,,,12/6/2024,3967,,2,,
5038,SMK-154xx,SMK154xx,,4734,3967,2,651,2,,,,,,,FALSE,,,,,,12/6/2024,3968,,2,,
5039,SMK-102,SMK102,,4734,3968,2,651,2,,,,,,,FALSE,,,,,,12/6/2024,3969,,2,,
5040,SMK-083,SMK083,,4734,3969,2,652,2,,,,,,,FALSE,,,,,,12/9/2024,3970,,2,,
5041,SMK-172,SMK172,,4734,3970,,704,2,,,,,,,FALSE,,,,廃棄済,1/16/2025,12/9/2024,3971,廃棄済,,,
5042,SMK-165,SMK165,,4734,3971,2,652,2,,,,,,,FALSE,,,,,,12/9/2024,3972,,2,,
5043,SMK-046,SMK046,,4734,3972,2,652,2,,,,,,,FALSE,,,,,,12/9/2024,3973,,2,,
5044,SMK-195,SMK195,,4734,3973,2,652,2,,,,,,,FALSE,,,,,,12/9/2024,3974,,2,,
5045,SMK-139,SMK139,,4734,3715,2,653,2,,,,,,,FALSE,,,,,,12/9/2024,3730,,2,,
5046,SMK-199,SMK199,,4734,3974,2,653,2,,,,,,,FALSE,,,,,,12/9/2024,3975,,2,,
5047,SMK-181,SMK181,,4734,3732,2,704,2,,,,,,,FALSE,,,,廃棄済,7/15/2025,12/9/2024,3746,廃棄済,2,,
5048,SMK-179,SMK179,,4734,3975,2,704,2,,,,,,,FALSE,,,,廃棄済,7/15/2025,12/9/2024,3976,廃棄済,2,,
5049,SMK-098,SMK098,,4734,3976,2,653,2,,,,,,,FALSE,,,,,,12/9/2024,3977,,2,,
5050,DIC-072,DIC072,,4734,3977,2,654,2,,,,,,,FALSE,,,,,,12/9/2024,3978,,2,,
5051,DIC-124,DIC124,,4734,3978,2,654,2,,,,,,,FALSE,,,,,,12/9/2024,3979,,2,,
5052,DIC-123,DIC123,,4734,3979,2,654,2,,,,,,,FALSE,,,,,,12/9/2024,3980,,2,,
5053,DIC-027,DIC027,,4734,3980,2,654,2,,,,,,,FALSE,,,,,,12/9/2024,3981,,2,,
5054,DIC-019 R,DIC019R,,,3982,2,654,2,,,,,,,FALSE,,,,,,12/9/2024,3982,,2,,
5055,DIC-020,DIC020,,4734,3983,2,654,2,,,,,,,FALSE,,,,,,12/9/2024,3983,,2,,
5056,DIC-080,DIC080,,4734,3984,2,654,2,,,,,,,FALSE,,,,,,12/9/2024,3984,,2,,
5057,DIC-071,DIC071,,4734,3985,2,654,2,,,,,,,FALSE,,,,,,12/9/2024,3985,,2,,
5058,DIC-081,DIC081,,4734,3986,2,655,2,,,,,,,FALSE,,,,,,12/9/2024,3986,,2,,
5059,DIC-069,DIC069,,4734,3987,2,655,2,,,,,,,FALSE,,,,,,12/9/2024,3987,,2,,
5060,DIC-128,DIC128,,4734,3988,2,654,2,,,,,,,FALSE,,,,,,12/9/2024,3988,,2,,
5061,DIC-025,DIC025,,4734,3989,2,654,2,,,,,,,FALSE,,,,,,12/9/2024,3989,,2,,
5062,DIC-079,DIC079,,4734,3990,2,654,2,,,,,,,FALSE,,,,,,12/9/2024,3990,,2,,
5063,DIC-191,DIC191,,4734,3991,2,654,2,,,,,,,FALSE,,,,,,12/9/2024,3991,,2,,
5064,DIC-182,DIC182,,4734,3992,2,654,2,,,,,,,FALSE,,,,,,12/9/2024,3992,,2,,
5065,DIC-103,DIC103,,4734,3993,2,654,2,,,,,,,FALSE,,,,,,12/9/2024,3993,,2,,
5066,DIC-163,DIC163,,4734,3994,2,103,2,,,,,,,FALSE,,,,,,12/9/2024,3994,,2,,
5067,DIC-035,DIC035,,4734,3995,2,655,2,,,,,,,FALSE,,,,,,12/9/2024,3995,,2,,
5068,DIC-073,DIC073,,4734,3996,2,655,2,,,,,,,FALSE,,,,,,12/9/2024,3996,,2,,
5069,DIC-032,DIC032,,4734,3997,2,655,2,,,,,,,FALSE,,,,,,12/9/2024,3997,,2,,
5070,DIC-082,DIC082,,4734,3998,2,655,2,,,,,,,FALSE,,,,,,12/9/2024,3998,,2,,
5071,DIC-029,DIC029,,4734,3999,2,655,2,,,,,,,FALSE,,,,,,12/9/2024,3999,,2,,
5072,DIC-034,DIC034,,4734,4000,2,655,2,,,,,,,FALSE,,,,,,12/9/2024,4000,,2,,
5073,SMK-157,SMK157,,4734,4001,2,704,2,,,,,,,FALSE,,,,廃棄済,7/15/2025,12/9/2024,4001,廃棄済,2,,
5074,SMK-206,SMK206,,4734,4002,2,655,2,,,,,,,FALSE,,,,,,12/9/2024,4002,,2,,
5075,SMK-196,SMK196,,4734,4003,2,655,2,,,,,,,FALSE,,,,,,12/9/2024,4003,,2,,
5076,SMK-076 R,SMK076R,,4734,4004,2,655,2,,,,,,,FALSE,,,,,,12/9/2024,4004,,2,,
5077,SMK-101,SMK101,,4734,4005,2,655,2,,,,,,,FALSE,,,,,,12/9/2024,4005,,2,,
5078,SMK-136,SMK136,,4734,4006,2,655,2,,,,,,,FALSE,,,,,,12/9/2024,4006,,2,,
5079,SMK-197,SMK197,,4734,4007,,704,2,,,,,,,FALSE,,,,廃棄済,2/7/2025,12/9/2024,4007,廃棄済,,,
5080,SMK-142,SMK142,,4734,3720,2,655,2,,,,,,,FALSE,,,,,,12/9/2024,3735,,2,,
5081,SMK-173,SMK173,,4734,4008,2,655,2,,,,,,,FALSE,,,,,,12/9/2024,4008,,2,,
5082,SMK-153,SMK153,,4734,4009,2,655,2,,,,,,,FALSE,,,,,,12/9/2024,4009,,2,,
5083,SMK-105,SMK105,,4734,4010,2,656,2,,,,,,,FALSE,,,,,,12/9/2024,4010,,2,,
5084,SMK-190,SMK190,,4734,4011,2,656,2,,,,,,,FALSE,,,,,,12/9/2024,4011,,2,,
5085,SMK-180,SMK180,,4734,3733,2,656,2,,,,,,,FALSE,,,,,,12/9/2024,3747,,2,,
5086,SMK-138,SMK138,,4734,4012,2,656,2,,,,,,,FALSE,,,,,,12/9/2024,4012,,2,,
5088,HSK-046,HSK046,,,4014,,,,,,,,,,FALSE,,,,,,12/9/2024,4014,,,,
5089,ADV-004,ADV004,,,4051,,,2,,,,,,,FALSE,,,,,,12/9/2024,4041,,,,
5090,YMT-011,YMT011,,,4074,2,14,2,,,,,,,FALSE,,,,,,12/9/2024,4063,,2,,
5092,DIC-154,DIC154,,,4075,2,181,2,,,,,,,FALSE,,,,,,12/10/2024,4064,,2,,
5093,TKS-020,TKS020,,,4076,2,81,2,,,,,,,FALSE,,,,,,12/10/2024,4065,,2,,
5094,TE-6-159-8D,TE61598D,,,4078,2,101,11,,,,,,,FALSE,,,,,,12/12/2024,4066,,2,,
5095,DIC-155,DIC155,,,4079,2,182,2,,,,,,,FALSE,,,,,,12/13/2024,4067,,2,,
5096,TE-1-163-1 R2,TE11631R2,,,4080,4,0,,,,,,[旧RackLayer 701] 日三化成,,FALSE,,,,,,12/14/2024,4068,,4,,
5097,TE-1-163-2 R4,TE11632R4,,,4081,4,0,,,,,,[旧RackLayer 701] 日三化成,,FALSE,,,,,,12/16/2024,4069,,4,,
5098,KBY-002 R1,KBY002R1,,,4082,2,74,,,,,,,,FALSE,,,,,,12/16/2024,4070,,2,,
5099,TE-9-162-7 R4,TE91627R4,,,4083,4,0,,,,,,[旧RackLayer 701] 日三化成,,FALSE,,,,,,12/19/2024,4071,,4,,
5100,ASH-008D,ASH008D,,,4086,,,11,,,,,,,FALSE,,,,,,12/20/2024,4072,,,,
5102,TE-6-159-7 R4,TE61597R4,,,4088,2,700,,,,,,,,FALSE,,,,,,12/23/2024,4073,新規金型,2,,
5103,TE-6-159-8 R1,TE61598R1,,,4089,2,700,,,,,,,,FALSE,,,,,,12/24/2024,4074,新規金型,2,,
5104,ASH-009D,ASH009D,,,4091,,,11,,,,,,,FALSE,,,,,,12/24/2024,4075,,,,
5105,KRE-013,KRE013,,4734,4093,2,370,2,,,,,,,FALSE,,,,,,12/27/2024,4076,,2,,
5106,TH-001,TH001,,4734,4094,2,370,2,,,,,,,FALSE,,,,,,12/27/2024,4077,,2,,
5107,TH-002,TH002,,4734,4095,2,370,2,,,,,,,FALSE,,,,,,12/27/2024,4078,,2,,
5108,TH-003,TH003,,4734,4096,2,370,2,,,,,,,FALSE,,,,,,12/27/2024,4079,,2,,
5109,TH-005,TH005,,4734,4097,2,370,2,,,,,,,FALSE,,,,,,12/27/2024,4080,,2,,
5110,JAE-337,JAE337,,4794,4098,5,0,2,,,,,[旧RackLayer 710] 青森工場,,FALSE,,,,,,1/6/2025,4081,,5,,
5111,SIT-024,SIT024,,4795,4099,2,22,2,,,,,,,FALSE,,,,,,1/6/2025,4082,,2,,
5112,YCM-075 R1,YCM075R1,,2744,4100,2,14,2,,,,,,,FALSE,,,,,,1/6/2025,4083,,2,,
5113,KSE- 002R,KSE002R,,4734,4101,2,370,2,,,,,,,FALSE,,,,,,1/7/2025,4084,,2,,
5114,SK-006,SK006,,4734,4102,2,370,2,,,,,,,FALSE,,,,,,1/7/2025,4085,,2,,
5115,SK-013,SK013,,4734,4103,2,370,2,,,,,,,FALSE,,,,,,1/7/2025,4086,,2,,
5116,SK-016,SK016,,4734,4104,2,370,2,,,,,,,FALSE,,,,,,1/7/2025,4087,,2,,
5117,SK-017,SK017,,4734,4052,2,370,2,,,,,,,FALSE,,,,,,1/7/2025,4042,,2,,
5118,SK-021,SK021,,4734,4105,2,370,2,,,,,,,FALSE,,,,,,1/7/2025,4088,,2,,
5119,SK-022,SK022,,4734,4054,2,370,2,,,,,,,FALSE,,,,,,1/7/2025,4044,,2,,
5120,SK-023,SK023,,4734,4106,2,370,2,,,,,,,FALSE,,,,,,1/7/2025,4089,,2,,
5121,SK-025,SK025,,4734,4107,2,370,2,,,,,,,FALSE,,,,,,1/7/2025,4090,,2,,
5122,SK-027,SK027,,4734,4108,2,370,2,,,,,,,FALSE,,,,,,1/7/2025,4091,,2,,
5123,SK-032,SK032,,4734,4109,2,370,2,,,,,,,FALSE,,,,,,1/7/2025,4092,,2,,
5124,SK-034,SK034,,4734,4110,2,311,2,,,,,,,FALSE,,,,,,1/7/2025,4093,,2,,
5125,SK-038,SK038,,4734,4111,2,370,2,,,,,,,FALSE,,,,,,1/7/2025,4094,,2,,
5126,SK-040,SK040,,4734,4112,2,370,2,,,,,,,FALSE,,,,,,1/7/2025,4095,,2,,
5127,SK-041,SK041,,4734,4113,2,370,2,,,,,,,FALSE,,,,,,1/7/2025,4096,,2,,
5128,SK-044,SK044,,4734,4114,2,370,2,,,,,,,FALSE,,,,,,1/7/2025,4097,,2,,
5129,SK-045,SK045,,4734,4115,2,370,2,,,,,,,FALSE,,,,,,1/7/2025,4098,,2,,
5130,SK- 046R,SK046R,,4734,4116,2,370,2,,,,,,,FALSE,,,,,,1/7/2025,4099,,2,,
5131,SK-047,SK047,,4734,4117,2,370,2,,,,,,,FALSE,,,,,,1/7/2025,4100,,2,,
5132,ADV-001,ADV001,,4734,4069,2,331,2,,,,,,,FALSE,,,,,,1/7/2025,4058,,2,,
5133,ADV-003,ADV003,,4734,4118,2,331,2,,,,,,,FALSE,,,,,,1/7/2025,4101,,2,,
5134,ADV-005,ADV005,,4734,4119,2,331,2,,,,,,,FALSE,,,,,,1/7/2025,4102,,2,,
5135,ADV-010,ADV010,,4734,4120,2,331,2,,,,,,,FALSE,,,,,,1/7/2025,4103,,2,,
5136,ADV-011,ADV011,,4734,4121,2,331,2,,,,,,,FALSE,,,,,,1/7/2025,4104,,2,,
5137,ADV-012,ADV012,,4734,4122,2,331,2,,,,,,,FALSE,,,,,,1/7/2025,4105,,2,,
5138,ADV-013,ADV013,,4734,4123,2,331,2,,,,,,,FALSE,,,,,,1/7/2025,4106,,2,,
5139,ADV-016,ADV016,,4734,4124,2,331,2,,,,,,,FALSE,,,,,,1/7/2025,4107,,2,,
5140,ADV-020,ADV020,,4734,4125,2,331,2,,,,,,,FALSE,,,,,,1/7/2025,4108,,2,,
5141,ADV-021,ADV021,,4734,4126,2,331,2,,,,,,,FALSE,,,,,,1/7/2025,4109,,2,,
5142,TH-020,TH020,,4734,4127,2,370,2,,,,,,,FALSE,,,,,,1/7/2025,4110,,2,,
5143,TH-021,TH021,,4734,4128,2,370,2,,,,,,,FALSE,,,,,,1/7/2025,4111,,2,,
5144,TH-025,TH025,,4734,4129,2,370,2,,,,,,,FALSE,,,,,,1/7/2025,4112,,2,,
5145,TH-041,TH041,,4734,4130,2,370,2,,,,,,,FALSE,,,,,,1/7/2025,4113,,2,,
5146,TH-054,TH054,,4734,4131,2,370,2,,,,,,,FALSE,,,,,,1/7/2025,4114,,2,,
5147,TH-053,TH053,,4734,4132,2,370,2,,,,,,,FALSE,,,,,,1/7/2025,4115,,2,,
5148,TH-052,TH052,,4734,4133,2,370,2,,,,,,,FALSE,,,,,,1/7/2025,4116,,2,,
5149,SPJ-035,SPJ035,,4734,4134,,0,2,,,,,[旧RackLayer 705] 出荷・返却済,,FALSE,,,,,,1/7/2025,4117,返却済,,,
5150,SPJ-037,SPJ037,,4734,4135,,0,2,,,,,[旧RackLayer 705] 出荷・返却済,,FALSE,,,,,,1/7/2025,4118,返却済,,,
5151,SPJ-038,SPJ038,,4734,4136,,0,2,,,,,[旧RackLayer 705] 出荷・返却済,,FALSE,,,,,,1/7/2025,4119,返却済,,,
5152,SPJ-039,SPJ039,,4734,4137,,0,2,,,,,[旧RackLayer 705] 出荷・返却済,,FALSE,,,,,,1/7/2025,4120,返却済,,,
5153,SPJ-041,SPJ041,,4734,4138,,0,2,,,,,[旧RackLayer 705] 出荷・返却済,,FALSE,,,,,,1/7/2025,4121,返却済,,,
5154,SPJ-045,SPJ045,,4734,4139,,0,2,,,,,[旧RackLayer 705] 出荷・返却済,,FALSE,,,,,,1/7/2025,4122,返却済,,,
5155,SPJ-049,SPJ049,,4734,4140,,0,2,,,,,[旧RackLayer 705] 出荷・返却済,,FALSE,,,,,,1/7/2025,4123,返却済,,,
5156,SPJ-042,SPJ042,,4734,4141,2,370,2,,,,,,,FALSE,,,,,,1/7/2025,4124,,2,,
5157,SPJ-043,SPJ043,,4734,3631,2,311,2,,,,,,,FALSE,,,,,,1/7/2025,3654,,2,,
5158,SPJ-050,SPJ050,,4734,4142,2,370,2,,,,,,,FALSE,,,,,,1/7/2025,4125,,2,,
5159,KRE-002,KRE002,,4734,4143,2,370,2,,,,,,,FALSE,,,,,,1/7/2025,4126,,2,,
5160,KRE-004,KRE004,,4734,4144,2,370,2,,,,,,,FALSE,,,,,,1/7/2025,4127,,2,,
5161,KRE-005,KRE005,,4734,4145,2,370,2,,,,,,,FALSE,,,,,,1/7/2025,4128,,2,,
5162,KRE-006,KRE006,,4734,4146,2,370,2,,,,,,,FALSE,,,,,,1/7/2025,4129,,2,,
5163,KRE-007,KRE007,,4734,4147,2,370,2,,,,,,,FALSE,,,,,,1/7/2025,4130,,2,,
5164,KRE-011,KRE011,,4734,4148,2,370,2,,,,,,,FALSE,,,,,,1/7/2025,4131,,2,,
5165,KRE-017,KRE017,,4734,4149,2,370,2,,,,,,,FALSE,,,,,,1/7/2025,4132,,2,,
5166,KRE-040R,KRE040R,,4734,4150,2,311,2,,,,,,,FALSE,,,,,,1/7/2025,4133,,2,,
5167,KRE-041,KRE041,,4734,4151,2,370,2,,,,,,,FALSE,,,,,,1/7/2025,4134,,2,,
5168,KRE-042,KRE042,,4734,4152,2,370,2,,,,,,,FALSE,,,,,,1/7/2025,4135,,2,,
5169,KRE-047,KRE047,,4734,4153,2,370,2,,,,,,,FALSE,,,,,,1/7/2025,4136,,2,,
5170,KRE-051,KRE051,,4734,4154,2,370,2,,,,,,,FALSE,,,,,,1/7/2025,4137,,2,,
5171,CST-012,CST012,,4734,4155,2,370,2,,,,,,,FALSE,,,,,,1/7/2025,4138,,2,,
5172,CST-013,CST013,,4734,4156,2,370,2,,,,,,,FALSE,,,,,,1/7/2025,4139,,2,,
5173,KSP-019B,KSP019B,,4734,4157,2,370,2,,,,,,,FALSE,,,,,,1/7/2025,4140,,2,,
5174,KSP-028,KSP028,,4734,4158,2,370,2,,,,,,,FALSE,,,,,,1/7/2025,4141,,2,,
5175,KSP-047,KSP047,,4734,4159,2,370,2,,,,,,,FALSE,,,,,,1/7/2025,4142,,2,,
5176,KSP-048,KSP048,,4734,4160,2,370,2,,,,,,,FALSE,,,,,,1/7/2025,4143,,2,,
5177,KSP-049A,KSP049A,,4734,4161,2,370,2,,,,,,,FALSE,,,,,,1/7/2025,4144,,2,,
5178,KSP-051AB,KSP051AB,,4734,4162,2,370,2,,,,,,,FALSE,,,,,,1/7/2025,4145,,2,,
5179,KSP-052,KSP052,,4734,4163,2,370,2,,,,,,,FALSE,,,,,,1/7/2025,4146,,2,,
5180,KSP-054AB,KSP054AB,,4734,4164,2,312,2,,,,,,,FALSE,,,,,,1/7/2025,4147,,2,,
5181,KSP-055,KSP055,,4734,4165,2,311,2,,,,,,,FALSE,,,,,,1/7/2025,4148,,2,,
5182,KSP-056,KSP056,,4734,4166,2,311,2,,,,,,,FALSE,,,,,,1/7/2025,4149,,2,,
5183,KSP-057,KSP057,,4734,4167,2,370,2,,,,,,,FALSE,,,,,,1/7/2025,4150,,2,,
5184,KSP-058,KSP058,,4734,4168,2,370,2,,,,,,,FALSE,,,,,,1/7/2025,4151,,2,,
5185,KSP-059,KSP059,,4734,4169,2,370,2,,,,,,,FALSE,,,,,,1/7/2025,4152,,2,,
5186,KSP-060,KSP060,,4734,4170,2,370,2,,,,,,,FALSE,,,,,,1/7/2025,4153,,2,,
5187,KSP-068,KSP068,,4734,3726,2,370,2,,,,,,,FALSE,,,,,,1/7/2025,3740,,2,,
5188,KSP-076AB,KSP076AB,,4734,4171,2,370,2,,,,,,,FALSE,,,,,,1/7/2025,4154,,2,,
5189,KSP-081,KSP081,,4734,3728,2,370,2,,,,,,,FALSE,,,,,,1/7/2025,3742,,2,,
5190,KSP- 090R,KSP090R,,4734,4172,2,370,2,,,,,,,FALSE,,,,,,1/7/2025,4155,,2,,
5191,KSP-100,KSP100,,4734,4173,2,370,2,,,,,,,FALSE,,,,,,1/7/2025,4156,,2,,
5192,ADY-052,ADY052,,4734,4174,2,370,2,,,,,,,FALSE,,,,,,1/7/2025,4157,,2,,
5193,ADY-056,ADY056,,4734,4175,2,370,2,,,,,,,FALSE,,,,,,1/7/2025,4158,,2,,
5194,ADY-057,ADY057,,4734,4176,2,370,2,,,,,,,FALSE,,,,,,1/7/2025,4159,,2,,
5195,ADY-058,ADY058,,4734,4177,2,370,2,,,,,,,FALSE,,,,,,1/7/2025,4160,,2,,
5196,ADY-065,ADY065,,4734,3744,2,370,2,,,,,,,FALSE,,,,,,1/7/2025,3758,,2,,
5197,ADY-066,ADY066,,4734,3745,2,370,2,,,,,,,FALSE,,,,,,1/7/2025,3759,,2,,
5198,ADY-093,ADY093,,4734,4179,2,370,2,,,,,,,FALSE,,,,,,1/7/2025,4161,,2,,
5199,ADY-095,ADY095,,4734,4180,2,370,2,,,,,,,FALSE,,,,,,1/7/2025,4162,,2,,
5200,ADY-100,ADY100,,4734,4181,2,370,2,,,,,,,FALSE,,,,,,1/7/2025,4163,,2,,
5201,ADY-109,ADY109,,4734,4182,2,370,2,,,,,,,FALSE,,,,,,1/7/2025,4164,,2,,
5202,ETS-023,ETS023,,4734,4183,2,370,2,,,,,,,FALSE,,,,,,1/7/2025,4165,,2,,
5204,DIC-047旧,DIC047旧,,4734,4185,2,370,2,,,,,,,FALSE,,,,,,1/7/2025,4166,,2,,
5205,DIC-048旧,DIC048旧,,4734,4186,2,370,2,,,,,,,FALSE,,,,,,1/7/2025,4167,,2,,
5206,MZT-003,MZT003,,4734,4187,2,370,2,,,,,,,FALSE,,,,,,1/7/2025,4168,,2,,
5207,MZT-004,MZT004,,4734,4188,2,370,2,,,,,,,FALSE,,,,,,1/7/2025,4169,,2,,
5208,MZT-011,MZT011,,4734,4189,2,370,2,,,,,,,FALSE,,,,,,1/7/2025,4170,,2,,
5209,MZT-017,MZT017,,4734,4195,2,370,2,,,,,,,FALSE,,,,,,1/7/2025,4171,,2,,
5210,MZT-018,MZT018,,4734,4197,2,370,2,,,,,,,FALSE,,,,,,1/7/2025,4172,,2,,
5211,MZT-022,MZT022,,4734,4198,2,370,2,,,,,,,FALSE,,,,,,1/7/2025,4173,,2,,
5212,下スタキング　A タイプ,下スタキングAタイプ,,,4200,,,7,,,,,,,FALSE,,,,,,1/7/2025,4174,,,,
5213,MZT-024,MZT024,,4734,4201,2,370,2,,,,,,,FALSE,,,,,,1/7/2025,4175,,2,,
5214,MZT-025,MZT025,,4734,3711,2,370,2,,,,,,,FALSE,,,,,,1/7/2025,3726,,2,,
5215,MZT-026,MZT026,,4734,3712,2,370,2,,,,,,,FALSE,,,,,,1/7/2025,3727,,2,,
5216,MZT-027,MZT027,,4734,4202,2,370,2,,,,,,,FALSE,,,,,,1/7/2025,4176,,2,,
5217,MZT-028,MZT028,,4734,3707,2,370,2,,,,,,,FALSE,,,,,,1/7/2025,3722,,2,,
5218,MZT-029,MZT029,,4734,3708,2,370,2,,,,,,,FALSE,,,,,,1/7/2025,3723,,2,,
5219,MZT-030,MZT030,,4734,4203,2,370,2,,,,,,,FALSE,,,,,,1/7/2025,4177,,2,,
5220,MZT-031,MZT031,,4734,3709,2,370,2,,,,,,,FALSE,,,,,,1/7/2025,3724,,2,,
5221,MZT-033,MZT033,,4734,4204,2,370,2,,,,,,,FALSE,,,,,,1/7/2025,4178,,2,,
5222,MZT-035,MZT035,,4734,4205,2,370,2,,,,,,,FALSE,,,,,,1/7/2025,4179,,2,,
5223,MZT-039,MZT039,,4734,4206,2,370,2,,,,,,,FALSE,,,,,,1/7/2025,4180,,2,,
5224,MZT-040,MZT040,,4734,4207,2,370,2,,,,,,,FALSE,,,,,,1/7/2025,4181,,2,,
5225,MZT-041,MZT041,,4734,3713,2,370,2,,,,,,,FALSE,,,,,,1/7/2025,3728,,2,,
5226,MZT-043,MZT043,,4734,4208,2,370,2,,,,,,,FALSE,,,,,,1/7/2025,4182,,2,,
5227,MZT-044,MZT044,,4734,4209,2,370,2,,,,,,,FALSE,,,,,,1/7/2025,4183,,2,,
5228,MZT-053,MZT053,,4734,4210,2,370,2,,,,,,,FALSE,,,,,,1/7/2025,4184,,2,,
5229,MZT-059,MZT059,,4734,4211,2,370,2,,,,,,,FALSE,,,,,,1/7/2025,4185,,2,,
5230,MZT-061,MZT061,,4734,3746,2,370,2,,,,,,,FALSE,,,,,,1/7/2025,3760,,2,,
5231,MZT-066,MZT066,,4734,4212,2,370,2,,,,,,,FALSE,,,,,,1/7/2025,4186,,2,,
5232,MZT-071,MZT071,,4734,4213,2,370,2,,,,,,,FALSE,,,,,,1/8/2025,4187,,2,,
5233,MZT-072,MZT072,,4734,4214,2,370,2,,,,,,,FALSE,,,,,,1/8/2025,4188,,2,,
5234,HSH-002 R1,HSH002R1,,4796,4215,2,31,,,,,,,,FALSE,,,,,,1/8/2025,4189,,2,,
5235,MCT-001D R2,MCT001DR2,,4797,4216,,,11,,,,,,,FALSE,,,,,,1/8/2025,4190,,,,
5236,KSP-117,KSP117,,4734,4217,2,370,2,,,,,,,FALSE,,,,,,1/9/2025,4191,,2,,
5237,MCT-003 R2,MCT003R1,,4798,4341,2,35,,,,,7.05kg,,,FALSE,,,,,,1/10/2025,4309,,2,,
5239,MMT018,MMT018,,4800,4220,2,43,2,,,,,,,FALSE,,,,,,1/16/2025,4194,,2,,
5240,BOC-001,BOC001,,4807,4223,2,1001,,,,,,,,FALSE,,,,,,1/20/2025,4196,,2,,
5241,K-タイプ　70,Kタイプ70,,4808,4224,2,1002,,,,,,,,FALSE,,,,,,1/20/2025,4197,,2,,
5242,TBG-020,TBG020,,4809,4225,2,1002,,,,,,,,FALSE,,,,,,1/20/2025,4198,,2,,
5243,NGD-001,NGD001,,4810,4226,2,1002,2,,,,,,,FALSE,,,,,,1/20/2025,4199,,2,,
5244,NHC-004,NHC004,,4811,4227,2,1002,,,,,,,,FALSE,,,,,,1/20/2025,4200,,2,,
5247,QAS-001,QAS001,,4814,4230,2,1002,,,,,,,,FALSE,,,,,,1/20/2025,4201,,2,,
5248,KDS-072,KDS072,,4815,4231,2,331,2,,,,,,,FALSE,,,,,,1/20/2025,4202,,2,,
5249,KDS-086,KDS086,,4816,4232,2,331,2,,,,,,,FALSE,,,,,,1/20/2025,4203,,2,,
5250,HKS-009,HKS009,,4817,4233,2,1002,,,,,,,,FALSE,,,,,,1/20/2025,4204,,2,,
5251,NHC-005,NHC005,,4818,4234,2,1002,,,,,,,,FALSE,,,,,,1/20/2025,4205,,2,,
5252,KDS-076,KDS076,,4819,4235,2,331,2,,,,,,,FALSE,,,,,,1/20/2025,4206,,2,,
5253,KDS-077,KDS077,,4820,4236,2,331,2,,,,,,,FALSE,,,,,,1/20/2025,4207,,2,,
5254,KDS-245,KDS245,,4821,4237,2,1002,2,,,,,,,FALSE,,,,,,1/20/2025,4208,,2,,
5255,KDS-099,KDS099,,4822,4238,2,1002,2,,,,,,,FALSE,,,,,,1/20/2025,4209,,2,,
5256,MIS-2-002,MIS2002,,4823,4239,,704,,,,,,,,FALSE,,,,廃棄済,5/7/2025,1/20/2025,4210,廃棄済,,,
5257,MIS-2-003,MIS2003,,4825,4240,,704,,,,,,,,FALSE,,,,廃棄済,5/7/2025,1/20/2025,4211,廃棄済,,,
5258,KDS-083,KDS083,,4826,4241,2,331,2,,,,,,,FALSE,,,,,,1/20/2025,4212,,2,,
5259,KDS-084,KDS084,,4827,4242,2,1002,2,,,,,,,FALSE,,,,,,1/20/2025,4213,,2,,
5260,KDS-085,KDS085,,4828,4243,,331,2,,,,,,,FALSE,,,,,,1/20/2025,4214,,,,
5261,JAE-109,JAE109,,4829,4244,2,1002,,,,,,,,FALSE,,,,,,1/20/2025,4215,,2,,
5263,TE-3-157-7,TE31577,,4830,4246,2,1002,,,,,,,,FALSE,,,,,,1/20/2025,4216,,2,,
5264,SMK-194,SMK194,,4832,4247,,704,,,,,,,,FALSE,,,,廃棄済,,1/20/2025,4217,廃棄済,,,
5265,SMK-200,SMK200,,4833,4248,,704,,,,,,,,FALSE,,,,廃棄済,5/8/2025,1/20/2025,4218,廃棄済,,,
5266,SSI-003,SSI003,,4834,4249,2,603,,,,,,,,FALSE,,,,,,1/20/2025,4219,,2,,
5267,OTAX-021,OTAX021,,4835,4250,2,1002,,,,,,,,FALSE,,,,,,1/20/2025,4220,,2,,
5268,IBG-001,IBG001,,4836,4251,2,1002,,,,,,,,FALSE,,,,,,1/20/2025,4221,,2,,
5269,KYM-001,KYM001,,4837,4252,2,704,,,,,,,,FALSE,,,,,,1/20/2025,4222,廃棄済,2,,
5270,KYM-002,KYM002,,4838,4253,,704,,,,,,,,FALSE,,,,,,1/20/2025,4223,廃棄済,,,
5271,KYM-003,KYM003,,4839,4254,2,704,,,,,,,,FALSE,,,,,,1/20/2025,4224,廃棄済,2,,
5272,TE-3-720996-6,TE37209966,,4840,4255,2,280,,,,,,,,FALSE,,,,,,1/20/2025,4225,,2,,
5273,MZT-104,MZT104,,4841,4256,2,280,,,,,,,,FALSE,,,,,,1/20/2025,4226,,2,,
5274,SNS-002,SNS002,,4843,4257,2,1002,,,,,,,,FALSE,,,,,,1/20/2025,4227,,2,,
5275,MKD-006,MKD006,,4844,4258,2,1002,2,,,,,,,FALSE,,,,,,1/20/2025,4228,,2,,
5277,KND,KND,,,4259,2,1002,,,,,,,,FALSE,,,,,,1/20/2025,4229,,2,,
5278,JR,JR,,,4260,2,1002,,,,,,,,FALSE,,,,,,1/21/2025,4230,,2,,
5279,TE-0-108-3,TE01083,,4845,4261,2,1002,,,,,,,,FALSE,,,,,,1/21/2025,4231,,2,,
5280,NPC,NPC,,,4262,2,1002,,,,,,,,FALSE,,,,,,1/21/2025,4232,,2,,
5281,SMK-155,SMK155,,4846,4263,2,1002,,,,,,,,FALSE,,,,,,1/21/2025,4233,,2,,
5282,YSD-E,YSDE,,,4264,2,1002,2,,,,,,,FALSE,,,,,,1/21/2025,4234,,2,,
5283,PS-100-1,PS1001,,4847,4265,2,1002,,,,,,,,FALSE,,,,,,1/21/2025,4235,,2,,
5284,TH,TH,,,4266,2,1002,,,,,,,,FALSE,,,,,,1/21/2025,4236,,2,,
5285,TE-2-135-8,TE21358,,4848,4267,2,1002,,,,,,,,FALSE,,,,,,1/21/2025,4237,,2,,
5286,KGD-002,KGD002,,4849,4268,2,1002,2,,,,,,,FALSE,,,,,,1/21/2025,4238,,2,,
5287,YSD-H,YSDH,,,4269,2,1002,,,,,,,,FALSE,,,,,,1/22/2025,4239,,2,,
5288,SSJ-013,SSJ013,,4177,4270,1,0,,,,,,[旧RackLayer 702] 茨城工場,,FALSE,,,,,,1/22/2025,4240,,1,,
5289,SSJ-019,SSJ019,,4850,4271,1,0,,,,,,019 | [旧RackLayer 702] 茨城工場,,FALSE,,,,,,1/22/2025,4241,,1,,
5290,YPC-005,YPC005,,4851,4272,2,1001,,,,,,,,FALSE,,,,,,1/22/2025,4242,,2,,
5291,YPC-008,YPC008,,4852,4273,2,1002,,,,,,,,FALSE,,,,,,1/22/2025,4243,,2,,
5292,KRE-049 R,KRE049R,,987,4274,2,1002,,,,,,,,FALSE,,,,,,1/22/2025,4244,,2,,
5293,NRK-003,NRK003,,4853,4275,2,1002,,,,,,,,FALSE,,,,,,1/22/2025,4245,,2,,
5294,TE-9-127-2,TE91272,,4854,4276,2,1002,,,,,,,,FALSE,,,,,,1/22/2025,4246,,2,,
5295,ADY,ADY,,,4277,2,1002,,,,,,,,FALSE,,,,,,1/22/2025,4247,,2,,
5296,EXD-005,EXD005,,4855,4278,2,1002,2,,,,,,,FALSE,,,,,,1/22/2025,4248,,2,,
5297,MZT-049,MZT049,,4856,4279,2,1002,,,,,,,,FALSE,,,,,,1/22/2025,4249,,2,,
5298,SMK-089,SMK089,,4857,4280,2,1002,,,,,,,,FALSE,,,,,,1/23/2025,4250,,2,,
5299,GMY-088,GMY088,,4858,4281,2,1002,,,,,,,,FALSE,,,,,,1/23/2025,4251,,2,,
5300,SSM,SSM,,,4282,2,1002,,,,,,,,FALSE,,,,,,1/23/2025,4252,,2,,
5301,JAE-021,JAE021,,4859,4283,2,1002,,,,,,,,FALSE,,,,,,1/23/2025,4253,,2,,
5302,JAE-022,JAE022,,4860,4284,2,1002,,,,,,,,FALSE,,,,,,1/23/2025,4254,,2,,
5303,MTM-003,MTM003,,4861,4285,2,1002,,,,,,,,FALSE,,,,,,1/23/2025,4255,,2,,
5304,KSP-118,KSP118,,4862,4286,2,1002,,,,,,,,FALSE,,,,,,1/23/2025,4256,,2,,
5305,V,V,,,4287,2,1002,,,,,,,,FALSE,,,,,,1/23/2025,4257,,2,,
5306,SMK-104,SMK104,,4863,4288,2,1001,,,,,,,,FALSE,,,,,,1/24/2025,4258,,2,,
5307,SMK-119,SMK119,,4864,4289,2,1001,,,,,,,,FALSE,,,,,,1/24/2025,4259,,2,,
5308,CLDS,CLDS,,,4290,2,1001,,,,,,,,FALSE,,,,,,1/24/2025,4260,,2,,
5309,OOT-036,OOT036,,4886,4314,2,1002,,,,,,,,FALSE,,,,,,1/28/2025,4284,,2,,
5310,TE-1-163-2 R5,TE11632R5,,8,4344,2,700,,,,,,,,FALSE,,,,,,2/5/2025,4310,新規金型,2,,
5311,DIC-158 R1,DIC158R1,,4909,4345,2,103,2,,,,,,,FALSE,,,,,,2/6/2025,4311,,2,,
5312,DIC-159 R1,DIC159R1,,4910,4346,2,103,2,,,,,,,FALSE,,,,,,2/7/2025,4312,,2,,
5313,YSD-E-025-1,YSDE0251,,4911,4347,2,661,2,,,,,,,FALSE,,,,,,2/7/2025,4313,,2,,
5314,YSD-E-032-1,YSDE0321,,4912,4348,2,661,2,,,,,,,FALSE,,,,,,2/7/2025,4314,,2,,
5315,ODS-049,ODS049,,4913,4349,2,661,2,,,,,,,FALSE,,,,,,2/7/2025,4315,,2,,
5316,ODS-050,ODS050,,4914,4350,2,661,2,,,,,,,FALSE,,,,,,2/7/2025,4316,,2,,
5317,ODS-046,ODS046,,4915,4351,2,661,2,,,,,,,FALSE,,,,,,2/7/2025,4317,,2,,
5318,YSD-E-080,YSDE080,,4916,4352,2,662,2,,,,,,,FALSE,,,,,,2/7/2025,4318,,2,,
5319,YSD-E-050-1,YSDE0501,,4917,4353,2,662,2,,,,,,,FALSE,,,,,,2/7/2025,4319,,2,,
5320,SMK-191,SMK191,,4918,4354,,704,,,,,,,,FALSE,,,,廃棄済,2/7/2025,2/7/2025,4320,廃棄済,,,
5321,JAE-337D R1,JAE337DR1,,4919,4355,,,11,,,,,,,FALSE,,,,,,2/7/2025,4321,,,,
5322,KOS-019,KOS019,,4920,4356,2,64,,,,,,,,FALSE,,,,,,2/13/2025,4322,,2,,
5323,KOS-020,KOS020,,4921,4357,2,63,,,,,,,,FALSE,,,,,,2/14/2025,4323,,2,,
5324,JAE-338D R2,JAE338DR2,,4922,4358,,,11,,,,,,,FALSE,,,,,,2/15/2025,4324,,,,
5325,TE-4-720990-2,TE47209902,,4923,4359,1,0,,,,,,[旧RackLayer 702] 茨城工場,,FALSE,,,,,,2/17/2025,4325,,1,,
5326,PLX-003,PLX003,,4924,4360,,,,,,,,,,FALSE,,,,,,2/18/2025,4326,,,,
5327,KOS-021,KOS021,,4925,4362,2,61,,,,,,,,FALSE,,,,,,2/21/2025,4327,,2,,
5328,KOS-022,KOS022,,4926,4363,,704,,,,,,設計変更の為廃棄済,,FALSE,,,,廃棄済,4/21/2025,2/21/2025,4328,廃棄済,,,
5329,SRI-007D R1,SRI007DR1,,4927,4364,,,11,,,,,,,FALSE,,,,,,2/21/2025,4329,,,,
5330,BSP-002D,BSP002D,,4928,4366,,,11,,,,,,,FALSE,,,,,,2/27/2025,4331,,,,
5331,ADY-128 R2,ADY128R2,,4929,4367,2,115,2,,,,,,,FALSE,,,,,,2/28/2025,4332,,2,,
5332,SMK-219 R1,SMK219R1,,4930,4368,2,175,,,,,5.2,,,FALSE,,,,,,3/1/2025,4333,,2,,
5333,JAE-342,JAE342,,4931,4369,3,0,,,,,,[旧RackLayer 703] 坂田精文堂,,FALSE,,,,,,3/3/2025,4334,,3,,
5334,JAE-341,JAE341,,4932,4370,3,0,,,,,12.25,[旧RackLayer 703] 坂田精文堂,,FALSE,,,,,,3/4/2025,4335,,3,,
5337,SRI-007 R1,SRI007R1,,4933,4371,1,0,,,,,,[旧RackLayer 702] 茨城工場,,FALSE,,,,,,3/6/2025,4336,,1,,
5338,JAE-338 R2,JAE338R2,,4934,4372,,704,,,,,,,,FALSE,,,,廃棄済,3/23/2026,3/7/2025,4337,廃棄済,,,
5339,ASH-008 R1,ASH008R1,,4791,4373,2,95,,,,,,,,FALSE,,,,,,3/10/2025,4338,,2,,
5340,ASH-009 R1,ASH009R1,,4793,4374,2,95,2,,,,,,,FALSE,,,,,,3/10/2025,4339,,2,,
5341,BSP-002,BSP002,,4935,4375,2,602,,,,,,,,FALSE,,,,,,3/12/2025,4340,,2,,
5342,TKP-001,TKP001,,4936,4376,2,700,,,,,,,,FALSE,,,,,,3/14/2025,4341,新規金型,2,,
5343,KDS-143 R1,KDS143R1,,4937,4377,1,0,2,,,,,[旧RackLayer 702] 茨城工場,,FALSE,,,,,,3/17/2025,4342,,1,,
5344,ASH-010,ASH010,,4938,4378,2,94,,,,,6.95,,,FALSE,,,,,,3/20/2025,4343,,2,,
5346,ODS-R-31,ODSR31,,,4379,2,602,2,,,,,,,FALSE,,,,,,3/27/2025,4344,,2,,
5348,TY-001,TY001,,4734,4380,2,604,2,,,,,,,FALSE,,,,,,3/27/2025,4345,,2,,
5349,DIC-037 No2,DIC037No2,,,4381,2,654,2,,,,,テフロン加工済,,FALSE,,,,,,3/27/2025,4346,,2,,
5350,SMK-140,SMK140,,4734,4382,2,653,2,,,,,,,FALSE,,,,,,3/27/2025,4347,,2,,
5351,SMK-182,SMK182,,4734,3625,2,654,2,,,,,,,FALSE,,,,,,3/27/2025,3648,,2,,
5352,SMK-103,SMK103,,4734,4383,2,654,2,,,,,,,FALSE,,,,,,3/27/2025,4348,,2,,
5353,SMK-128,SMK128,,4734,4384,2,654,2,,,,,,,FALSE,,,,,,3/27/2025,4349,,2,,
5354,SMK-134,SMK134,,4734,4385,2,654,2,,,,,,,FALSE,,,,,,3/27/2025,4350,,2,,
5355,SMK-111,SMK111,,4734,4386,2,654,2,,,,,,,FALSE,,,,,,3/27/2025,4351,,2,,
5356,SMK-003?,SMK003?,,4734,4387,2,621,2,,,,,,,FALSE,,,,,,3/27/2025,4352,,2,,
5357,NONAME-034,NONAME034,,4734,4388,2,621,2,,,,,,,FALSE,,,,,,3/27/2025,4353,,2,,
5358,TE-4-075-7No2,TE40757No2,,,3934,2,625,,,,,,,,FALSE,,,,,,3/27/2025,3936,,2,,
5359,OTHER-A59-6903,OTHERA596903,,4942,4389,2,612,,,,,,,,FALSE,,,,,,3/27/2025,4354,,2,,
5360,OTHER-B59-6903,OTHERB596903,,4943,4390,2,612,,,,,,,,FALSE,,,,,,3/27/2025,4355,,2,,
5361,SLK-126,SLK126,,4734,4391,2,612,2,,,,,,,FALSE,,,,,,3/27/2025,4356,,2,,
5362,SLK-124,SLK124,,4734,4392,2,612,2,,,,,,,FALSE,,,,,,3/27/2025,4357,,2,,
5363,OTP-003,OTP003,,4734,4393,2,612,2,,,,,,,FALSE,,,,,,3/27/2025,4358,,2,,
5364,ODS-020,ODS020,,4734,4394,2,613,2,,,,,,,FALSE,,,,,,3/27/2025,4359,,2,,
5366,TE-60654,TE60654,,4734,4396,2,614,2,,,,,,,FALSE,,,,,,3/27/2025,4360,,2,,
5367,GW-2K,GW2K,,,4029,2,614,,,,,,,,FALSE,,,,,,3/27/2025,4026,,2,,
5368,SSM-056 R2,SSM056R2,,4945,4397,2,23,,,,,8.8,,,TRUE,,,,,,3/27/2025,4361,,2,,
5369,TE-5-997-3,TE59973,,4946,4398,2,271,,,,,,,,FALSE,,,,,,4/1/2025,4362,,2,,
5370,TE-2-057-1,TE20571,,4734,4399,2,720,2,,,,,,,FALSE,,,,,,4/1/2025,4363,,2,,
5372,TE-2-059-9 No3,TE20599No3,,,2554,2,280,,,,,,3/3,,FALSE,,,,,,4/1/2025,2615,,2,,
5373,TE-3-066-6 No3,TE30666No3,,,2686,2,280,,,,,,,,FALSE,,,,,,4/1/2025,2745,,2,,
5374,Te-3-066-6 No4,Te30666No4,,,2686,2,280,,,,,,,,FALSE,,,,,,4/1/2025,2745,,2,,
5375,TE-3-066-8 No4,TE30668No4,,,3857,2,280,,,,,,,,FALSE,,,,,,4/1/2025,3864,,2,,
5376,Te-3-066-8 No4,Te30668No4,,,3857,2,280,,,,,,,,FALSE,,,,,,4/1/2025,3864,,2,,
5377,TE-3-066-7 No3,TE30667No3,,,2687,2,280,,,,,,,,FALSE,,,,,,4/1/2025,2746,,2,,
5378,TE-3-720996-6フタ?,TE37209966フタ,,,4255,2,280,,,,,,,,FALSE,,,,,,4/1/2025,4225,,2,,
5379,TE-2-059-3,TE20593,,4947,4400,2,280,,,,,,,,FALSE,,,,,,4/1/2025,4364,,2,,
5380,YES-004 R1,YES004R1,,2748,4401,2,184,,,,,,,,FALSE,,,,,,4/3/2025,4365,,2,,
5382,JAE-337 R2,JAE337R2,,4794,4403,5,0,,,,,6.6,[旧RackLayer 710] 青森工場,,FALSE,,,,,,4/4/2025,4366,,5,,
5383,STD-007,STD007,,4948,4404,2,84,2,,,,,,,FALSE,,,,,,4/7/2025,4367,,2,,
5384,DIC-161D,DIC161D,,4949,4405,,,11,,,,,,,FALSE,,,,,,4/7/2025,4368,,,,
5385,KOS-022 R1,KOS022R1,,4950,4406,2,61,,,,,,,,FALSE,,,,,,4/15/2025,4369,,2,,
5386,WKE-004,WKE004,,4951,4407,3,0,,,,,5.7,[旧RackLayer 703] 坂田精文堂,,FALSE,,,,,,4/17/2025,4370,,3,,
5387,SHT-019 R1,SHT019R1,,4952,4408,2,700,,,,,,,,FALSE,,,,,,4/18/2025,4371,新規金型,2,,
5388,TE-1-019-6,TE10196,,4953,4409,2,1003,,,,,,,,FALSE,,,,,,4/21/2025,4372,,2,,
5392,TE-0-073-1,TE00731,,,4040,2,1003,,,,,,梱包済み金型一覧,,FALSE,,,,,,4/21/2025,4035,,2,,
5393,TE-12793341-1,TE127933411,,4956,4411,2,1003,,,,,,,,FALSE,,,,,,4/21/2025,4373,,2,,
5394,TE-1-023-8,TE10238,,4734,4412,2,1003,2,,,,,,,FALSE,,,,,,4/21/2025,4374,,2,,
5395,TE-2-108-9,TE21089,,4734,4413,2,1003,2,,,,,,,FALSE,,,,,,4/21/2025,4375,,2,,
5396,TE-2013973-1,TE20139731,,4957,4414,2,354,,,,,,,,FALSE,,,,,,4/21/2025,4376,,2,,
5397,TIH-010,TIH010,,2524,3014,2,185,,,,,,,,FALSE,,,,,,4/22/2025,3068,,2,,
5398,OGR-013M,OGR013M,,4958,4415,2,45,,,,,,Duyen kiem ke ngay 2025.4.3,,FALSE,,,,,,4/22/2025,4377,,2,,
5399,NSE-004,NSE004,,4959,4416,,0,,,,,,"khuon cua khach, de trong phong cnc | [旧RackLayer 705] 出荷・返却済",,FALSE,,,,,,4/22/2025,4378,返却済,,,
5400,WKE-005,WKE005,,4960,4417,3,0,,,,,5.55,[旧RackLayer 703] 坂田精文堂,,FALSE,,,,,,4/22/2025,4379,,3,,
5401,JAE-346,JAE346,,4961,4418,3,0,,,,,10.45,[旧RackLayer 703] 坂田精文堂,,FALSE,,,,,,4/28/2025,4380,,3,,
5402,ADY-129,ADY129,,4962,4419,2,94,2,,,,,,,FALSE,,,,,,4/30/2025,4381,,2,,
5403,SMK-169,SMK169,,4963,4420,2,176,,,,,,,,FALSE,,,,,,5/1/2025,4382,,2,,
5404,DIC-161,DIC161,,4964,4421,2,132,2,,,,,,,FALSE,,,,,,5/2/2025,4383,,2,,
5405,SMK-100,SMK100,,4965,4422,,704,,,,,,,,FALSE,,,,廃棄済,5/8/2025,5/7/2025,4384,廃棄済,,,
5406,MTM-185D,MTM185D,,4966,4423,,,11,,,,,,,FALSE,,,,,,5/7/2025,4385,,,,
5408,MRD-001D,MRD001D,,4967,4424,,,11,,,,,,,FALSE,,,,,,5/8/2025,4386,,,,
5409,MTM-186D,MTM186D,,4968,4425,,,11,,,,,,,FALSE,,,,,,5/9/2025,4387,,,,
5410,MTM-187D,MTM187D,,4969,4426,,704,2,,,,,,,FALSE,,,,,,5/15/2025,4388,廃棄済,,,
5411,BSZ-001D,BSZ001D,,,4427,,,11,,,,,,,FALSE,,,,,,5/15/2025,4389,,,,
5412,JAE-347,JAE347,,4972,4428,3,232,,,,,,,,FALSE,,,,,,5/16/2025,4390,,3,,
5413,MTM-185 R1,MTM185R1,,4973,4429,,704,,,,,,旧MTM-185の金型を厚木の江口様あてに発送してください。,,FALSE,,,,,,5/19/2025,4391,廃棄済,,,
5414,SCW-003D,SCW003,,4974,4430,,,11,,,,,,,FALSE,,,,,,5/19/2025,4392,,,,
5415,ASH-011,ASH011,,4975,4432,2,71,,,,,,,,FALSE,,,,,,5/21/2025,4394,,2,,
5416,ASH-012,ASH012,,4976,4433,3,71,,,,,,,,FALSE,,,,,,5/21/2025,4395,,3,,
5417,MTM-188D,MTM188D,,4977,4434,,,11,,,,,,,FALSE,,,,,,5/23/2025,4396,,,,
5418,MRD-001 R1,MRD001R1,,4978,4436,2,181,2,,,,,,,FALSE,,,,,,5/26/2025,4397,,2,,
5419,MTM-186,MTM186,,4979,4437,2,700,,,,,,,,FALSE,,,,,,5/26/2025,4398,新規金型,2,,
5420,JAE-348,JAE348,,4980,4438,2,121,,,,,,,,FALSE,,,,,,5/27/2025,4399,,2,,
5421,KSP-208,KSP208,,4981,4439,2,272,,,,,,,,FALSE,,,,,,5/28/2025,4400,,2,,
5422,KSP-209,KSP209,,4982,4440,2,272,,,,,,,,FALSE,,,,,,5/28/2025,4401,,2,,
5423,SCW-003 R4,SCW003R4,,4974,4442,2,700,,,,,,,,FALSE,,,,,,5/29/2025,4402,新規金型,2,,
5424,SCW-001,SCW001,,4983,4443,2,233,,,,,8.25,,,FALSE,,,,,,5/30/2025,4403,,2,,
5425,SCW-002,SCW002,,4984,4444,2,233,,,,,9.05,,,FALSE,,,,,,5/31/2025,4404,,2,,
5426,BSZ-001,BSZ001,,4985,4445,2,71,,,,,,,,FALSE,,,,,,6/2/2025,4405,,2,,
5427,ENT-003,ENT003,,4986,4446,2,95,,,,,6.4,,,FALSE,,,,,,6/5/2025,4406,,2,,
5428,JAE-350 R1,JAE350R1,,4987,4447,2,121,,,,,,試作のみで量産はありませんので、金型は棚に戻す。,,FALSE,,,,,,6/9/2025,4407,,2,,
5429,JAE-351,JAE351,,4988,4448,2,121,,,,,,試作のみで量産はありません,,FALSE,,,,,,6/10/2025,4408,,2,,
5430,JAE-349 R2,JAE349R2,,4989,4449,3,0,,,,,,[旧RackLayer 703] 坂田精文堂,,FALSE,,,,,,6/11/2025,4409,,3,,
5431,JAE-347 R2,JAE347R2,,4972,4450,,232,,,,,,,,FALSE,,,,,,6/12/2025,4410,,,,
5432,ADY-130,ADY130,,4990,4451,2,95,2,,,,,,,FALSE,,,,,,6/13/2025,4411,,2,,
5433,SCW-003D R2,SCW003DR2,,4991,4453,,232,11,,,,,,,FALSE,,,,,,6/14/2025,4412,,,,
5434,TE-9-998-6,TE99986,,4992,4454,2,140,,,,,,,,FALSE,,,,,,6/16/2025,4413,,2,,
5435,RPD-001 R2,RPD001R2,,4993,4455,,,2,,,,,,,FALSE,,,,,,6/16/2025,4414,,,,
5436,RPD-002 R3,RPD002R2,,4994,4548,3,0,2,,,,,改造　R2 | [旧RackLayer 703] 坂田精文堂,,FALSE,,,,,,6/18/2025,4505,,3,,
5437,MTM-188,MTM188,,4995,4457,6,0,,,,,,[旧RackLayer 705] 出荷・返却済,,FALSE,,返却済,2/12/2026,,,6/18/2025,4416,返却済,6,,
5438,JAE-345A R3,JAE345AR3,,4996,4458,,704,,,,,,,InUse,FALSE,,,,廃棄済,3/23/2026,6/20/2025,4417,廃棄済,,,
5439,JAE-345B R3,JAE345BR3,,4997,4459,,704,,,,,,,,FALSE,,,,廃棄済,3/23/2026,6/20/2025,4418,廃棄済,,,
5440,JAE-352A,JAE352A,,4998,4460,1,0,,,,,,[旧RackLayer 702] 茨城工場,,FALSE,,,,,,6/20/2025,4419,,1,,
5441,JAE-352B,JAE352B,,4999,4461,1,0,,,,,,[旧RackLayer 702] 茨城工場,,FALSE,,,,,,6/21/2025,4420,,1,,
5442,JAE-344A R4,JAE344AR4,,5000,4462,,704,,,,,,,,FALSE,,,,廃棄済,3/23/2026,6/24/2025,4421,廃棄済,,,
5443,JAE-344B R4,JAE344BR4,,5001,4463,,704,,,,,,,,FALSE,,,,廃棄済,3/23/2026,6/24/2025,4422,廃棄済,,,
5444,ASH-013 R1 (NG),ASH013R1(NG),,5002,4464,,704,,,,,,プログラム間違い,,FALSE,,,,,,6/26/2025,4423,廃棄済,,,
5445,JAE-343B R3,JAE343BR3,,5003,4465,,704,,,,,,,,FALSE,,,,廃棄済,3/23/2026,6/26/2025,4424,廃棄済,,,
5446,JAE-343A R3,JAE343AR3,,5004,4466,,704,,,,,,,,FALSE,,,,廃棄済,3/23/2026,6/26/2025,4425,廃棄済,,,
5447,KSC-005,KSC005,,5005,4467,2,65,,,,,,,,FALSE,,,,,,6/26/2025,4426,,2,,
5448,ASH-013 R1,ASH013R1,,,4464,2,95,,,,,8.05,,,FALSE,,,,,,6/30/2025,4423,,2,,
5449,YCM-076D,YCM076D,,5006,4468,,,11,,,,,,,FALSE,,,,,,6/30/2025,4427,,,,
5450,MTM-187D R4,MTM187DR4,,4969,4469,,,11,,,,,,,FALSE,,,,,,7/1/2025,4428,,,,
5451,DIC-162 R2,DIC162R2,,5007,4470,1,0,2,,,,,[旧RackLayer 702] 茨城工場,,FALSE,,,,,,7/1/2025,4429,,1,,
5452,TKD-023D,TKD023D,,5008,4471,,,11,,,,,,,FALSE,,,,,,7/1/2025,4430,,,,
5453,MTM-185D R3,MTM185DR3,,4966,4472,,,11,,,,,,,FALSE,,,,,,7/1/2025,4431,,,,
5454,TE-5-159-2 R2,TE51592R2,,5009,4473,5,0,,,,,,[旧RackLayer 710] 青森工場,,FALSE,,,,,,7/4/2025,4432,,5,,
5455,TE-5-159-3 R2,TE51593R2,,5010,4474,5,0,,,,,,[旧RackLayer 710] 青森工場,,FALSE,,,,,,7/4/2025,4433,,5,,
5456,MTM-187 R4,MTM187R4,,5011,4475,1540,0,,,,,,[旧RackLayer 705] 出荷・返却済,,FALSE,,,,,,7/11/2025,4434,返却済,1540,,
5459,TE-8-135-7,TE81357,,5013,4477,2,311,,,,,,梱包,,FALSE,,,,,,7/12/2025,4435,,2,,
5460,SHARP-SHARP,SHARPSHARP,,5014,4478,2,311,,,,,,,,FALSE,,,,,,7/12/2025,4436,,2,,
5461,SLK-139,SLK139,,5015,4479,2,311,,,,,,梱包,,FALSE,,,,,,7/12/2025,4437,,2,,
5462,SK-,SK,,5016,4480,2,311,,,,,,梱包,,FALSE,,,,,,7/12/2025,4438,,2,,
5463,OST-010,OST010,,4734,4481,2,311,2,,,,,,,FALSE,,,,,,7/12/2025,4439,,2,,
5464,OST-011,OST011,,4734,4482,2,311,2,,,,,,,FALSE,,,,,,7/12/2025,4440,,2,,
5465,ADV-NONAME2,ADVNONAME2,,4734,4483,2,311,2,,,,,梱包,,FALSE,,,,,,7/12/2025,4441,,2,,
5466,DIM-001,DIM001,,401,4484,2,311,2,,,,,梱包,,FALSE,,,,,,7/12/2025,4442,,2,,
5467,TE-3-103-3,TE31033,,4734,4485,2,311,2,,,,,,,FALSE,,,,,,7/12/2025,4443,,2,,
5468,TE-3-020-1梱包,TE30201梱包,,5017,4486,2,311,,,,,,梱包,,FALSE,,,,,,7/12/2025,4444,,2,,
5469,JAE-028梱包,JAE028梱包,,5018,4487,2,311,,,,,,梱包・廃棄,,FALSE,,,,,,7/12/2025,4445,,2,,
5470,JAE-028R梱包,JAE028R梱包,,5019,4488,2,311,,,,,,,,FALSE,,,,,,7/12/2025,4446,,2,,
5471,TE-8-127-5梱包,TE81275梱包,,5020,4489,2,311,,,,,,,,FALSE,,,,,,7/12/2025,4447,,2,,
5472,JAE-070梱包,JAE070梱包,,5021,4490,2,311,,,,,,,,FALSE,,,,,,7/12/2025,4448,,2,,
5473,TE-7-127-7 R梱包,TE71277R,,50,4491,2,311,,,,,,,,FALSE,,,,,,7/12/2025,4449,,2,,
5474,TE-7-127-8R梱包,TE71278R梱包,,5022,4492,2,311,,,,,,,,FALSE,,,,,,7/12/2025,4450,,2,,
5475,TE-8-110-9梱包,TE81109梱包,,5024,4493,2,311,,,,,,,,FALSE,,,,,,7/12/2025,4451,,2,,
5476,SKS-006,SKS006,,4734,4494,2,311,2,,,,,,,FALSE,,,,,,7/12/2025,4452,,2,,
5477,EXD-001,EXD001,,4734,3639,2,311,2,,,,,,,FALSE,,,,,,7/12/2025,3662,,2,,
5478,TE-5-103-4,TE51034,,4734,4495,2,311,2,,,,,,,FALSE,,,,,,7/12/2025,4453,,2,,
5479,TE-2-156-0梱包,TE21560,,4576,4496,2,311,,,,,,,,FALSE,,,,,,7/12/2025,4454,,2,,
5480,HAYASHI-TELEM354X300,HAYASHITELEM354X300,,5028,4497,2,311,,,,,,,,FALSE,,,,,,7/12/2025,4455,,2,,
5481,TE-6-129-2,TE61292,,4734,4498,2,311,2,,,,,,,FALSE,,,,,,7/12/2025,4456,,2,,
5482,AMP-013梱包,AMP013梱包,,4734,4499,2,311,2,,,,,,,FALSE,,,,,,7/12/2025,4457,,2,,
5483,GMY-NONAME,GMYNONAME,,5029,4500,2,311,,,,,,,,FALSE,,,,,,7/12/2025,4458,,2,,
5484,TE-7-129-5,TE71295,,4734,4501,2,311,2,,,,,,,FALSE,,,,,,7/12/2025,4459,,2,,
5485,SK-035,SK035,,4734,4502,2,311,2,,,,,,,FALSE,,,,,,7/12/2025,4460,,2,,
5486,NPC-013梱包,NPC013梱包,,4734,4503,2,311,2,,,,,,,FALSE,,,,,,7/12/2025,4461,,2,,
5487,NRK-013,NRK013,,1474,4504,2,311,,,,,,,,FALSE,,,,,,7/12/2025,4462,,2,,
5488,OTHER-364X243,OTHER364X243,,5030,4505,2,311,,,,,,台,,FALSE,,,,,,7/12/2025,4463,,2,,
5489,TE-7-135-9,TE71359,,4734,4506,2,311,2,,,,,,,FALSE,,,,,,7/12/2025,4464,,2,,
5490,TKS-015梱包,TKS015梱包,,4734,4507,2,312,2,,,,,,,FALSE,,,,,,7/12/2025,4465,,2,,
5491,TKS-AB,TKSAB,,5031,4508,2,312,,,,,,,,FALSE,,,,,,7/12/2025,4466,,2,,
5492,SK-069,SK069,,4734,4509,2,312,2,,,,,,,FALSE,,,,,,7/12/2025,4467,,2,,
5493,GMY-T-25,GMYT25,,4734,4510,2,312,2,,,,,,,FALSE,,,,,,7/12/2025,4468,,2,,
5494,OTHER-プックグッスタ,OTHERプックグッスタ,,5032,4511,2,312,,,,,,,,FALSE,,,,,,7/12/2025,4469,,2,,
5495,JAE-015,JAE015,,4734,4512,2,312,2,,,,,,,FALSE,,,,,,7/12/2025,4470,,2,,
5496,OTHER-プックグッスタ2,OTHERプックグッスタ2,,5033,4513,2,312,,,,,,,,FALSE,,,,,,7/12/2025,4471,,2,,
5497,OTHER-380カット,OTHER380カット,,5034,4514,2,312,,,,,,,,FALSE,,,,,,7/12/2025,4472,,2,,
5499,OTHER-T86235 18.5Φ　30面,OTHERT8623518.5Φ30面,,5035,4516,2,312,,,,,,,,FALSE,,,,,,7/12/2025,4473,,2,,
5500,TE-5-110-8NO1,TE51108,,4734,4517,2,312,2,,,,,,,FALSE,,,,,,7/12/2025,4474,,2,,
5501,TE-5-110-8NO2,TE51108NO2,,5036,4518,2,312,,,,,,,,FALSE,,,,,,7/12/2025,4475,,2,,
5502,TE-5-127-6梱包,TE51276梱包,,5037,4519,2,312,,,,,,,,FALSE,,,,,,7/12/2025,4476,,2,,
5503,DIC-110梱包,DIC110梱包,,4734,4520,2,312,2,,,,,,,FALSE,,,,,,7/12/2025,4477,,2,,
5504,TE-6-142-3梱包,TE61423梱包,,5038,4521,2,312,,,,,,,,FALSE,,,,,,7/12/2025,4478,,2,,
5505,NRK-014,NRK014,,4734,4522,2,312,2,,,,,,,FALSE,,,,,,7/12/2025,4479,,2,,
5506,TE-8-127-5R,TE81275R,,5039,4523,2,312,,,,,,,,FALSE,,,,,,7/12/2025,4480,,2,,
5507,MTM-014(旧）,MTM014,,4734,4524,2,312,2,,,,,,,FALSE,,,,,,7/12/2025,4481,,2,,
5508,STF-002梱包,STF002梱包,,4734,4525,2,323,2,,,,,,,FALSE,,,,,,7/12/2025,4482,,2,,
5509,JAE-004梱包,JAE004梱包,,4734,4526,2,323,2,,,,,,,FALSE,,,,,,7/12/2025,4483,,2,,
5510,JAE-005梱包,JAE005梱包,,4734,4527,2,323,2,,,,,,,FALSE,,,,,,7/12/2025,4484,,2,,
5511,MTM-185 R3,MTM185R3,,4973,4528,1540,0,,,,,,[旧RackLayer 705] 出荷・返却済,,FALSE,,,,,,7/12/2025,4485,返却済,1540,,
5512,JAE-353 R1,JAE353R1,,5040,4529,,704,,,,,,,,FALSE,,,,廃棄済,3/23/2026,7/14/2025,4486,廃棄済,,,
5513,CHG-002D AB,CHG002DAB,,5041,4530,,,11,,,,,,,FALSE,,,,,,7/15/2025,4487,,,,
5514,CHG-003D AB,CHG003DAB,,5042,4531,,,11,,,,,,,FALSE,,,,,,7/15/2025,4488,,,,
5515,CHG-001 R8,CHG001R8,,5043,4754,2,71,,,,,,,,FALSE,,,,,,7/16/2025,4561,,2,,
5516,ASH-014D,ASH014D,,5044,4533,,,11,,,,,,,FALSE,,,,,,7/17/2025,4490,,,,
5517,TKD-023,TKD023,,5045,4534,1,0,2,,,,,[旧RackLayer 702] 茨城工場,,FALSE,,,,,,7/18/2025,4491,,1,,
5518,圧空BOX600,OTHER圧空BOX600,,5046,4535,1,0,,,,,,[旧RackLayer 702] 茨城工場,,FALSE,,,,,,7/18/2025,4492,,1,,
5519,YCM-076 R1 NG,YCM076R1,,5047,4536,,704,,,,,,サイズ間違い,,FALSE,,,,,,7/22/2025,4493,廃棄済,,,
5520,KOS-023,KOS023,,5048,4537,2,63,,,,,,,,FALSE,,,,,,7/24/2025,4494,,2,,
5521,TE-5-159-1 R2,TE51591R2,,5049,4538,4,0,,,,,,[旧RackLayer 701] 日三化成,,FALSE,,,,,,7/24/2025,4495,,4,,
5522,JAE-354,JAE354,,5050,4539,2,122,,,,,,,,FALSE,,,,,,7/25/2025,4496,,2,,
5523,SHT-020,SHT020,,5051,4540,2,700,,,,,,,,FALSE,,,,,,7/26/2025,4497,新規金型,2,,
5524,MDS-006D,MDS006D,,5052,4541,,,11,,,,,,,FALSE,,,,,,7/26/2025,4498,,,,
5525,MMT-019 R1,MMT019R1,,5053,4542,2,700,,,,,,,,FALSE,,,,,,7/29/2025,4499,新規金型,2,,
5526,KOS-024,KOS024,,5055,4544,2,61,,,,,,,,FALSE,,,,,,7/29/2025,4501,,2,,
5527,APS-001D R5,APS001DR5,,5056,4545,,,11,,,,,,,FALSE,,,,,,7/29/2025,4502,,,,
5528,KOS-025,KOS025,,5057,4546,2,61,,,,,,,,FALSE,,,,,,7/30/2025,4503,,2,,
5529,KOS-026,KOS026,,5058,4547,2,65,,,,,,,,FALSE,,,,,,7/30/2025,4504,,2,,
5531,YCM-076 R2,YCM076R2,,5047,4550,2,13,,,,,,再作成,,FALSE,,,,,,8/21/2025,4506,,2,,
5532,MDS-007D R1,MDS007DR1,,5059,4551,,,11,,,,,,,FALSE,,,,,,8/21/2025,4507,,,,
5533,ASC-003,ASC003,,5060,4552,2,94,,,,,,,,FALSE,,,,,,8/22/2025,4508,,2,,
5534,ADY-131,ADY131,,5061,4553,2,700,2,,,,,,,FALSE,,,,,,8/22/2025,4509,新規金型,2,,
5535,APS-001 R6,APS001R6,,5062,4554,1,0,,,,,,[旧RackLayer 702] 茨城工場,,FALSE,,,,,,8/22/2025,4510,,1,,
5536,ADY-132,ADY132,,5063,4555,2,125,2,,,,,,,FALSE,,,,,,8/22/2025,4511,,2,,
5537,DIC-164,DIC164,,5064,4556,2,103,2,,,,,,,FALSE,,,,,,8/22/2025,4512,,2,,
5538,ASH-014 R1,ASH014R1,,5066,4558,2,71,,,,,,,,FALSE,,,,,,8/26/2025,4513,,2,,
5539,ASC-004,ASC004,,5067,4559,2,75,,,,,,,,FALSE,,,,,,8/26/2025,4514,,2,,
5540,THP-008D,THP008D,,5068,4560,,,11,,,,,,,FALSE,,,,,,8/26/2025,4515,,,,
5541,SSM-057,SSM057,,5069,4561,3,0,,,,,,[旧RackLayer 703] 坂田精文堂,,FALSE,,,,,,8/26/2025,4516,,3,,
5542,YCM-077D R2,YCM077DR2,,5070,4562,,,11,,,,,,,FALSE,,,,,,8/26/2025,4517,,,,
5543,SMK-222,SMK222,,5072,4563,2,176,,,,,,,,FALSE,,,,,,9/2/2025,4518,,2,,
5545,CHG-002AB R1,CHG002R1,,5073,4565,1,0,,,,,,[旧RackLayer 702] 茨城工場,,FALSE,,,,,,9/2/2025,4519,,1,,
5547,NGT010,,,4461,3592,,0,,,,,,[旧RackLayer 705] 出荷・返却済,,FALSE,,返却済,9/3/2025,,,9/3/2025,3618,返却済,,,
5548,TIH-025 R1,TIH025R1,,5074,4566,2,71,,,,,,,,FALSE,,,,,,9/3/2025,4520,,2,,
5549,CHG-003AB R1,CHG003R1,,5075,4567,1,0,,,,,,[旧RackLayer 702] 茨城工場,,FALSE,,,,,,9/4/2025,4521,,1,,
5550,YCM-077 R2,YCM077R2,,5076,4568,2,604,,,,,,,,FALSE,,,,,,9/4/2025,4522,,2,,
5551,MDS-006,MDS006,,5077,4569,2,700,2,,,,,,,FALSE,,,,,,9/8/2025,4523,新規金型,2,,
5552,MDS-007 R1,MDS007R1,,5078,4570,2,700,2,,,,,,,FALSE,,,,,,9/8/2025,4524,新規金型,2,,
5553,SIT-025D,SIT025D,,5079,4571,2,711,11,,,,,,,FALSE,,,,,,9/8/2025,4525,,2,,
5554,SIT-026D R1,SIT026DR1,,5080,4572,2,711,11,,,,,,,FALSE,,,,,,9/8/2025,4526,,2,,
5555,SIT-027D,SIT027D,,5081,4573,2,711,11,,,,,,,FALSE,,,,,,9/9/2025,4527,,2,,
5556,SIT-028D,SIT028D,,5082,4574,2,711,11,,,,,,,FALSE,,,,,,9/11/2025,4528,,2,,
5557,KWE-004,KWE004,,5083,4575,2,75,,,,,,,,FALSE,,,,,,9/12/2025,4529,,2,,
5558,YCM-010,YCM010,,5084,4576,2,720,,,,,,,,FALSE,,,,,,9/12/2025,4530,,2,,
5559,KSP-210,KSP210,,5085,4577,2,272,,,,,,,,FALSE,,,,,,9/17/2025,4531,,2,,
5560,JAE-246,JAE246,,4734,3678,2,122,2,,,,,,,FALSE,,,,,,9/19/2025,3694,,2,,
5561,NHR-006,NHR006,,5087,4579,2,111,,,,,,不明ーHAI,,FALSE,,,,,,9/19/2025,4533,,2,,
5562,ASP-001,ASP001,,4734,4581,2,71,2,,,,,,,FALSE,,,,,,9/19/2025,4535,,2,,
5563,BMI-003,BMI003,,4734,4582,2,181,2,,,,,,,FALSE,,,,,,9/19/2025,4536,,2,,
5566,JAE-355R1,JAE355R1,,5088,4583,3,0,2,,,,,[旧RackLayer 703] 坂田精文堂,,FALSE,0,,,,,9/22/2025,93,,3,,
5569,JAE-356,JAE356,,5089,4584,2,121,0,,,,,,,FALSE,0,,,,,9/22/2025,94,,2,,
5573,KDS-142 R3,KDS142R3,,5090,4585,2,240,2,,,,,,,FALSE,0,,,,,9/24/2025,95,,2,,
5578,KDS-032,KDS032,,2,4587,2,331,0,,,,,,,FALSE,0,,,,,9/29/2025,96,,2,,
5580,KDS-058,KDS058,248,4734,4588,0,331,2,,,,,,,FALSE,0,,,,,9/29/2025,97,,,,
5581,KDS-022,KDS022,248,2,4589,2,331,0,,,,,,,FALSE,0,,,,,9/29/2025,98,,2,,
5582,KDS-066T,KDS066T,248,2,4590,2,331,0,,,,,,,FALSE,0,,,,,9/29/2025,99,,2,,
5583,KDS-066B,KDS066B,248,5095,4591,2,331,0,,,,,,,FALSE,0,,,,,9/29/2025,100,,2,,
5584,KDS-046,KDS046,248,5096,4592,2,331,0,,,,,,,FALSE,0,,,,,9/29/2025,101,,2,,
5585,KDS-059,KDS059,248,5097,1,2,331,0,,,,,,,FALSE,0,,,,,9/29/2025,102,,2,,
5586,KDS-019,KDS019,248,5098,1,2,331,0,,,,,,,FALSE,0,,,,,9/29/2025,102,,2,,
5587,KDS-031,KDS031,248,5099,1,2,331,0,,,,,,,FALSE,0,,,,,9/29/2025,102,,2,,
5588,KDS-050,KDS050,248,4902,4335,2,331,0,,,,,,,FALSE,0,,,,,9/29/2025,4303,,2,,
5589,KDS-033,KDS033,248,5100,1,2,331,0,,,,,,,FALSE,0,,,,,9/29/2025,102,,2,,
5590,KDS-016,KDS016,248,5101,1,2,331,0,,,,,,,FALSE,0,,,,,9/29/2025,102,,2,,
5591,KDS-044,KDS044,248,834,885,2,331,0,,,,,,,FALSE,0,,,,,9/29/2025,965,,2,,
5592,KDS-056,KDS056,248,4550,3714,2,331,0,,,,,,,FALSE,0,,,,,9/29/2025,3729,,2,,
5593,KDS-036,KDS036,248,5102,1,2,331,0,,,,,,,FALSE,0,,,,,9/29/2025,102,,2,,
5594,KDS-042,KDS042,248,4777,4068,2,331,0,,,,,,,FALSE,0,,,,,9/29/2025,4057,,2,,
5595,KDS-034,KDS034,248,5103,1,2,331,0,,,,,,,FALSE,0,,,,,9/29/2025,102,,2,,
5596,KDS-020,KDS020,248,5104,1,2,331,0,,,,,,,FALSE,0,,,,,9/29/2025,102,,2,,
5597,KDS-025,KDS025,248,5105,1,2,331,0,,,,,,,FALSE,0,,,,,9/29/2025,102,,2,,
5598,KDS-040,KDS040,248,5106,1,2,331,0,,,,,,,FALSE,0,,,,,9/29/2025,102,,2,,
5599,KDS-035,KDS035,248,5107,1,2,331,0,,,,,,,FALSE,0,,,,,9/29/2025,102,,2,,
5600,ADV-002梱包,ADV002梱包,,85,26,0,331,0,,,,,,,FALSE,0,,,,,9/29/2025,127,,,,
5601,ADV-009梱包,ADV009梱包,,83,30,2,331,0,,,,,,,FALSE,0,,,,,9/29/2025,131,,2,,
5602,KDS-029,KDS029,248,5108,1,2,331,0,,,,,,,FALSE,0,,,,,9/29/2025,102,,2,,
5603,KDS-043,KDS043,248,5109,1,2,331,0,,,,,,,FALSE,0,,,,,9/29/2025,102,,2,,
5604,KYM-005,KYM005,205,5110,4608,2,51,0,,,,,再作成,,FALSE,0,,,,,9/29/2025,4560,,2,,
5605,SMK-220 R1,SMK220R1,71,5111,4611,2,700,0,,,,,,,FALSE,0,,,,,9/30/2025,4562,新規金型,2,,
5606,SMK-221,SMK221,71,5112,4612,2,700,0,,,,,,,FALSE,0,,,,,9/30/2025,4563,新規金型,2,,
5607,SHT-021,SHT021,61,5113,4613,2,25,0,,,,,,,FALSE,0,,,,,10/1/2025,82,,2,,
5608,ASH-013xx,ASH013xx,123,5002,4615,2,232,0,,,,,使用禁止,,FALSE,0,,,,,10/2/2025,83,,2,,
5609,TE-9-127-7 R1,TE91277R1,93,5114,4616,4,0,0,,,,,改造R1完成 | [旧RackLayer 701] 日三化成,,FALSE,0,,,,,10/3/2025,84,,4,,
5610,SIT-025,SIT025,62,5079,4617,2,660,0,,,,,,,FALSE,0,,,,,10/3/2025,85,,2,,
5611,SIT-026 R1,SIT026R1,62,5115,4618,2,660,0,,,,,,,FALSE,0,,,,,10/3/2025,86,,2,,
5612,KDS-144,KDS144,248,5116,4619,2,240,0,,,,,,,FALSE,0,,,,,10/6/2025,87,,2,,
5613,ENT-004,ENT004,309,5117,4620,2,700,0,,,,,,,FALSE,0,,,,,10/7/2025,88,新規金型,2,,
5614,SIT-027,SIT027,62,5118,4621,2,660,0,,,,,,,FALSE,0,,,,,10/8/2025,23,,2,,
5624,RPD-004 R2,RPD004R2,,5119,4623,2,700,0,,,,,,,FALSE,0,,,,,10/9/2025,24,新規金型,2,,
5625,SIT-028 R1,SIT028R1,62,5120,4624,2,660,0,,,,,,,FALSE,0,,,,,10/9/2025,25,,2,,
5632,RPD-005 R1,RPD005R1,428,5121,4625,3,0,0,,,,,[旧RackLayer 703] 坂田精文堂,,FALSE,0,,,,,10/14/2025,26,,3,,
5633,RPD-006 R1,RPD006R1,428,5122,4626,3,0,0,,,,,[旧RackLayer 703] 坂田精文堂,,FALSE,0,,,,,10/14/2025,27,,3,,
5634,JAE-359,JAE359,177,5123,4627,2,700,0,,,,,,,FALSE,0,,,,,10/16/2025,28,新規金型,2,,
5635,ASH-015D R1,ASH015DR1,123,5124,4628,2,711,0,,,,,,,FALSE,0,,,,,10/16/2025,29,,2,,
5636,JAE-357 R4,JAE357R4,177,5125,4660,2,720,0,,,,,R4改造,,FALSE,0,,,,,10/17/2025,32,,2,,
5637,SCW-004,SCW004,427,5126,4630,2,700,0,,,,,,,FALSE,0,,,,,10/17/2025,31,新規金型,2,,
5638,ASH-016D R1,ASH016DR1,123,5127,4631,2,711,0,,,,,,,FALSE,0,,,,,10/17/2025,89,,2,,
5639,JAE-358 R2,JAE358R2,177,5128,4661,2,720,0,,,,,改造R2,,FALSE,0,,,,,10/18/2025,33,,2,,
5640,TE-2493307-2,TE24933072,93,5129,4633,2,164,0,,,,,,,FALSE,0,,,,,10/20/2025,91,,2,,
5641,JAE-361,JAE361,177,5130,4634,3,0,0,,,,,坂田精文堂 | [旧RackLayer 703] 坂田精文堂,,FALSE,0,,,,,10/22/2025,92,,3,,
5642,JAE-360,JAE360,177,5131,4635,3,0,0,,,,,坂田精文堂 | [旧RackLayer 703] 坂田精文堂,,FALSE,0,,,,,10/22/2025,4564,,3,,
5643,TE-2494147-1,TE24941471,93,5132,4636,2,164,0,,,,,HAI,,FALSE,0,,,,,10/22/2025,4565,,2,,
5644,MCT-004 R1,MCT004R1,346,5133,4666,2,35,0,,,,,11/18,,FALSE,0,,,,,10/27/2025,38,,2,,
5645,TE-1-163-2 R6,TE11632R6,93,8,4639,4,700,0,,,,,,,FALSE,0,,,,,10/29/2025,4567,新規金型,4,,
5646,ASH-015 R1,ASH015R1,123,5135,4640,3,0,0,,,,,[旧RackLayer 703] 坂田精文堂,,FALSE,0,,,,,10/30/2025,4568,,3,,
5647,ASH-016 R1,ASH016R1,123,5136,4641,3,0,0,,,,,[旧RackLayer 703] 坂田精文堂,InUse,FALSE,0,,,,,10/30/2025,4569,,3,,
5648,ASH-017 D,ASH017D,123,5137,4642,2,711,0,,,,,,,FALSE,0,,,,,11/5/2025,4570,,2,,
5649,YCM-078D,YCM078D,230,5138,4643,2,711,0,,,,,,,FALSE,0,,,,,11/5/2025,4571,,2,,
5650,JAE-362 R1,JAE362R1,177,5139,4644,2,121,0,,,,,,InUse,FALSE,0,,,,,11/7/2025,4572,,2,,
5651,RPD-003 R5,RPD003R5,428,5140,4645,2,720,0,,,,,,,FALSE,0,,,,,11/10/2025,4573,,2,,
5652,THP-008 R2,THP008R2,94,5141,4665,2,53,0,,,,,,,FALSE,0,,,,,11/11/2025,37,,2,,
5654,NPC-T-409 No2,NPCT409No2,,1962,2319,3,0,0,,,,,[旧RackLayer 703] 坂田精文堂,,FALSE,0,,,,,11/11/2025,2382,,3,,
5657,JAE-036 ZF,JAE036ZF,177,618,4648,2,123,0,,,,,,,FALSE,0,,,,,11/13/2025,3,,2,,
5658,CHG-004D R1,CHG004DR1,432,5143,4649,2,711,0,,,,,,,FALSE,0,,,,,11/13/2025,4,,2,,
5659,OOT-044,OOT044,38,5144,4650,2,75,0,,,,,,,FALSE,0,,,,,11/13/2025,5,,2,,
5660,TE-6-161-1 R2,TE61611R2,93,5145,4651,4,0,0,,,,,[旧RackLayer 701] 日三化成,,FALSE,0,,,,,11/13/2025,6,,4,,
5661,TOK-019,TOK019,103,5146,4652,2,172,0,,,,,,,FALSE,0,,,,,11/14/2025,7,,2,,
5662,TOK-020,TOK020,103,5147,4653,2,700,0,,,,,,,FALSE,0,,,,,11/14/2025,8,新規金型,2,,
5663,ASH-017,ASH017,123,5137,4654,3,0,0,,,,,[旧RackLayer 703] 坂田精文堂,,FALSE,0,,,,,11/17/2025,9,,3,,
5664,JAE-363D,JAE363D,177,5148,4655,2,711,0,,,,,,,FALSE,0,,,,,11/18/2025,10,,2,,
5665,JAE-364D,JAE364D,177,5149,4656,2,711,0,,,,,,,FALSE,0,,,,,11/18/2025,11,,2,,
5666,MCT-004D R1,MCT004DR1,346,5150,4657,2,711,0,,,,,,,FALSE,0,,,,,11/19/2025,12,,2,,
5667,YCM-078,YCM078,230,5138,4658,1,0,0,,,,,[旧RackLayer 702] 茨城工場,,FALSE,0,,,,,11/20/2025,13,,1,,
5670,KOS-027,KOS027,195,5154,4662,2,65,0,,,,,,,FALSE,0,,,,,11/27/2025,34,,2,,
5671,KOS-029,KOS029,195,5155,4663,2,65,0,,,,,,,FALSE,0,,,,,11/27/2025,35,,2,,
5672,ATS-022D R1,ATS022DR1,125,5156,4664,2,711,0,,,,,,,FALSE,0,,,,,11/27/2025,36,,2,,
5673,KOS-028,KOS028,195,5155,4667,2,65,0,,,,,,,FALSE,0,,,,,12/1/2025,39,新規金型,2,,
5674,CHG-005 R1,CHG005R1,432,5157,4668,2,700,0,,,,,,,FALSE,0,,,,,12/1/2025,40,新規金型,2,,
5676,ODS-056D,ODS056D,32,5158,4669,2,711,0,,,,,,,FALSE,0,,,,,12/1/2025,41,,2,,
5677,JAE-364,JAE364,177,5159,4670,1,0,0,,,,,[旧RackLayer 702] 茨城工場,,FALSE,0,,,,,12/2/2025,42,,1,,
5678,YCM-002,YCM002,230,5160,4671,4,0,0,,,,,[旧RackLayer 701] 日三化成,,FALSE,0,,,,,12/3/2025,43,,4,,
5679,YCM-003,YCM003,230,5161,4672,4,0,0,,,,,[旧RackLayer 701] 日三化成,,FALSE,0,,,,,12/3/2025,44,,4,,
5680,YCM-004,YCM004,230,5162,4673,4,0,0,,,,,[旧RackLayer 701] 日三化成,,FALSE,0,,,,,12/3/2025,45,,4,,
5681,YCM-005,YCM005,230,5163,4674,4,0,0,,,,,[旧RackLayer 701] 日三化成,,FALSE,0,,,,,12/3/2025,46,,4,,
5682,JAE-363 R1,JAE363R1,177,5148,4675,1,0,0,,,,,[旧RackLayer 702] 茨城工場,,FALSE,0,,,,,12/3/2025,47,,1,,
5683,KWE-005,KWE005,202,5164,4676,2,62,0,,,,,,,FALSE,0,,,,,12/4/2025,48,,2,,
5684,CHG-006 R1,CHG006R1,432,5165,4677,2,94,0,,,,,,,FALSE,0,,,,,12/5/2025,49,,2,,
5685,TE-4-127-5,TE41275,93,5166,4678,2,182,0,,,,,2024.5.7 YSDへ金型移管,InUse,FALSE,0,,,,,12/8/2025,50,,2,,
5686,ODS-056,ODS056,32,5158,4679,2,254,0,,,,,,,FALSE,0,,,,,12/9/2025,51,,2,,
5687,MTM-185R3 CAV3-4,MTM185R3CAV34,9,5167,4681,6,0,0,,,,,増面 | [旧RackLayer 705] 出荷・返却済,,FALSE,0,返却済,2/4/2026,,,12/10/2025,52,返却済,6,,
5688,DIC-165R1 D,DIC165R1D,141,5168,4682,2,711,0,,,,,,,FALSE,0,,,,,12/10/2025,53,,2,,
5689,MTM-186R1 CAV3-4,MTM186R1CAV34,9,5169,4683,2,0,0,,,,,増面 | [旧RackLayer 705] 出荷・返却済,,FALSE,0,返却済,2/2/2026,,,12/11/2025,54,返却済,2,,
5690,ELI-001 R1,ELI001R1,,429,436,2,181,2,,,,,再作成,,FALSE,0,,,,,12/12/2025,202,,2,,
5691,MTM-187 R4 CAV34,MTM187R4CAV34,9,5011,4684,2,0,0,,,,,増面 | [旧RackLayer 705] 出荷・返却済,,FALSE,0,返却済,2/2/2026,,,12/15/2025,55,返却済,2,,
5693,MTM-188 CAV3-4,MTM188CAV34,9,4995,4685,2,0,0,,,,,増面 | [旧RackLayer 705] 出荷・返却済,,FALSE,0,返却済,2/2/2026,,,12/16/2025,56,返却済,2,,
5694,MTM-189 D,MTM189D,9,5172,4686,2,711,0,,,,,,,FALSE,0,,,,,12/19/2025,57,,2,,
5695,ASH-018,ASH018,123,5173,4687,2,233,0,,,,,,,FALSE,0,,,,,12/22/2025,58,,2,,
5696,SMK-225,SMK225,71,5174,4688,2,51,0,,,,,,,FALSE,0,,,,,12/24/2025,59,,2,,
5697,ASH-019R1 D,ASH019R1D,123,5175,4689,2,711,0,,,,,,,FALSE,0,,,,,12/24/2025,60,,2,,
5698,KSP-219,KSP219,199,5176,4690,1,0,0,,,,,[旧RackLayer 702] 茨城工場,,FALSE,0,,,,,1/5/2026,14,,1,,
5699,AON-004,AON004,118,5177,4691,2,75,0,,,,,,,FALSE,0,,,,,1/5/2026,15,,2,,
5700,KSP-220 R1,KSP220R1,199,5178,4692,2,700,0,,,,,,,FALSE,0,,,,,1/6/2026,16,新規金型,2,,
5702,KSP-221,KSP221,199,5179,4694,1,0,0,,,,,[旧RackLayer 702] 茨城工場,,FALSE,0,,,,,1/7/2026,17,,1,,
5703,JAE-369 R1,JAE369R1,177,5180,4695,2,700,0,,,,,,,FALSE,0,,,,,1/7/2026,18,新規金型,2,,
5704,APF-001,APF001,119,5181,4696,2,181,0,,,,,棚卸2026.1.8,,FALSE,0,,,,,1/8/2026,19,,2,,
5705,JAE-368 R1,JAE368R1,177,5182,4697,1,0,0,,,,,[旧RackLayer 702] 茨城工場,,FALSE,0,,,,,1/8/2026,20,,1,,
5706,KSP-222,KSP222,199,5183,4698,1,0,0,,,,,[旧RackLayer 702] 茨城工場,,FALSE,0,,,,,1/8/2026,21,,1,,
5707,JAE-367D R4,JAE367DR4,177,5184,4700,2,711,0,,,,,,,FALSE,0,,,,,1/9/2026,72,,2,,
5709,サーブ木板 ZD No2,サーブ木板ZDNo2,,2939,3505,1,,2,,,,,,,TRUE,0,,,,,1/9/2026,3544,,1,,
5710,ASH-019 R1,ASH019R1,123,5185,4701,3,0,0,,,,,[旧RackLayer 703] 坂田精文堂,,FALSE,0,,,,,1/14/2026,73,,3,,
5711,YCM-020,YCM020,230,5186,4702,2,720,0,,,,,確認済み2025.12.22,,FALSE,0,,,,,1/16/2026,74,,2,,
5712,MTM-190D R2,MTM190DR2,9,5187,4703,2,711,0,,,,,,,FALSE,0,,,,,1/16/2026,75,,2,,
5713,SMK-218D R3,SMK218DR3,71,5188,4704,2,711,0,,,,,,,FALSE,0,,,,,1/17/2026,76,,2,,
5714,SSM-058,SSM058,81,5189,4705,2,233,0,,,,,,,FALSE,0,,,,,1/19/2026,77,,2,,
5715,JAE-370 R2,JAE370R2,177,5190,4706,2,700,0,,,,,,,FALSE,0,,,,,1/20/2026,78,新規金型,2,,
5716,JAE-365 R4,JAE365R4,177,5191,4723,2,72,0,,,,,JAE-365 R3 29.1 kg,,FALSE,0,,,,,1/26/2026,4544,,2,,
5717,JAE-366 R2,JAE366R2,177,5192,4727,2,73,0,,,,,,,FALSE,0,,,,,1/26/2026,4583,,2,,
5718,SIT-029 D,SIT029D,62,5193,4709,2,711,0,,,,,,,FALSE,0,,,,,1/27/2026,81,,2,,
5719,KSP-211D R3,KSP211DR3,199,2,4710,2,711,0,,,,,,,FALSE,0,,,,,1/28/2026,4575,,2,,
5721,PB 470x400x35,PB470x400x35,,1632,4711,0,0,6,,,,,外周調整,,FALSE,0,,,,,1/29/2026,4576,,,,
5722,JAE-371 R1,JAE371R1,177,5196,4728,2,73,0,,,,,,,FALSE,0,,,,,1/29/2026,4584,,2,,
5723,SIT-029,SIT029,62,5193,4713,2,25,0,,,,,,,FALSE,0,,,,,2/3/2026,4578,,2,,
5724,STT-002 DR1,STT002DR1,436,5197,4714,2,711,0,,,,,,,FALSE,0,,,,,2/3/2026,4579,,2,,
5725,KOS-030,KOS030,195,5198,4715,2,233,0,,,,,テフロン前7.1kg,,FALSE,0,,,,,2/4/2026,4580,,2,,
5726,KOS-031,KOS031,195,5199,4716,2,65,0,,,,,,,FALSE,0,,,,,2/4/2026,4581,,2,,
5727,JAE-367 R5,JAE367R5,177,5200,4717,2,700,0,,,,,,,FALSE,0,,,,,2/5/2026,4582,新規金型,2,,
5728,OOT-045 R2,OOT045R2,38,5201,4718,2,700,0,,,,,,,FALSE,0,,,,,2/9/2026,4539,新規金型,2,,
5729,MTM-192D R3,MTM192DR3,9,5202,4719,2,711,0,,,,,,,FALSE,0,,,,,2/10/2026,4540,,2,,
5730,CHG-004 R3,CHG004R3,432,5203,4720,2,95,0,,,,,,,FALSE,0,,,,,2/10/2026,4541,,2,,
5731,MTM-194D R1,MTM194DR1,9,5204,4721,2,711,0,,,,,,,FALSE,0,,,,,2/12/2026,4542,,2,,
5732,MTM-193D R2,MTM193DR2,9,5205,4722,2,711,0,,,,,,,FALSE,0,,,,,2/14/2026,4543,,2,,
5733,CHG-011D,CHG011D,432,5207,4726,2,711,0,,,,,,,FALSE,0,,,,,2/19/2026,4547,,2,,
5734,MTM-190 R2,MTM190R2,9,5208,4729,2,720,0,,,,,,,FALSE,0,,,,,2/20/2026,4585,,2,,
5735,SMK-218 R3,SMK218R3,71,5209,4730,3,0,0,,,,,[旧RackLayer 703] 坂田精文堂,,FALSE,0,,,,,2/20/2026,4586,,3,,
5736,JAE-372 R1,JAE372R1,177,5210,4731,3,0,0,,,,,[旧RackLayer 703] 坂田精文堂,,FALSE,0,,,,,2/24/2026,4587,,3,,
5737,JAE-373 R1,JAE373R1,177,5211,4795,2,121,0,,,,,改造　彫刻　PET,,FALSE,0,,,,,2/25/2026,62,新規金型,2,,
5738,MTM-189,MTM189,9,5172,4733,2,700,0,,,,,,,FALSE,0,,,,,2/25/2026,63,新規金型,2,,
5739,JAE-374 R1,JAE374R1,177,5212,4796,2,121,0,,,,,改造　彫刻PS,,FALSE,0,,,,,2/26/2026,64,新規金型,2,,
5740,DIC-167,DIC167,141,5213,4735,2,103,0,,,,,,,FALSE,0,,,,,2/28/2026,65,,2,,
5741,KSP-211D R5,KSP211DR5,199,5195,4736,2,711,0,,,,,,,FALSE,0,,,,,2/28/2026,66,,2,,
5742,MTM-191D R5,MTM191DR5,9,5214,4737,2,711,0,,,,,,,FALSE,0,,,,,3/3/2026,22,,2,,
5743,PB-355X240,PB355X240,437,5215,4738,2,700,0,,,,,,,FALSE,0,,,,,3/4/2026,67,新規金型,2,,
5744,AON-005,AON005,118,5216,4739,2,700,0,,,,,,,FALSE,0,,,,,3/4/2026,68,新規金型,2,,
5745,WB-470X347,WB470X347,438,5219,4741,2,700,0,,,,,,,FALSE,0,,,,,3/5/2026,69,新規金型,2,,
5746,MTM-193D R3,MTM193DR3,9,5205,4742,2,711,0,,,,,,,FALSE,0,,,,,3/5/2026,70,,2,,
5747,KOS-032,KOS032,195,5221,4743,2,65,0,,,,,,,FALSE,0,,,,,3/5/2026,71,,2,,
5748,SMK-227D,SMK227D,71,2,4744,2,711,0,,,,,,,FALSE,0,,,,,3/9/2026,1,,2,,
5749,CHG-008D,CHG008D,432,5224,4745,2,711,0,,,,,,,FALSE,0,,,,,3/9/2026,2,,2,,
5750,CHG-009D,CHG009D,432,2,4747,2,711,0,,,,,,,FALSE,0,,,,,3/10/2026,,,2,,
5751,SMK-226D,SMK226D,71,5227,4748,2,711,0,,,,,,,FALSE,0,,,,,3/10/2026,,,2,,
5752,SMK-228D,SMK228D,71,5228,4749,2,711,0,,,,,,,FALSE,0,,,,,3/10/2026,,,2,,
5753,CHG-010D,CHG010D,432,5229,4750,2,711,0,,,,,,,FALSE,0,,,,,3/10/2026,,,2,,
5754,MTM-194 R2,MTM194R2,9,5230,4792,2,700,0,,,,,改造,,FALSE,0,,,,,3/11/2026,,新規金型,2,,
5755,ASH-020D,ASH020D,123,5231,4752,2,711,0,,,,,,,FALSE,0,,,,,3/11/2026,,,2,,
5756,CHG-007D,CHG007D,432,5232,4753,2,711,0,,,,,,,FALSE,0,,,,,3/11/2026,,,2,,
5758,MTM-192 R3,MTM192R3,9,5233,4755,2,700,0,,,,,,,FALSE,0,,,,,3/12/2026,,新規金型,2,,
5759,CHG-012D,CHG012D,432,5234,4756,2,711,0,,,,,,,FALSE,0,,,,,3/12/2026,,,2,,
5760,CHG-013D,CHG013D,432,5235,4757,2,711,0,,,,,,,FALSE,0,,,,,3/12/2026,,,2,,
5761,DIC-166,DIC166,141,5236,4758,2,103,0,,,,,,,FALSE,0,,,,,3/13/2026,,,2,,
5762,DIC-168 R1,DIC168R1,141,5237,4759,2,103,0,,,,,,,FALSE,0,,,,,3/14/2026,,,2,,
5763,DIC-169 R1,DIC169R1,141,5238,4760,2,103,0,,,,,,,FALSE,0,,,,,3/16/2026,,,2,,
5764,DIC-170 R1,DIC170R1,141,5239,4761,2,103,0,,,,,,,FALSE,0,,,,,3/16/2026,,,2,,
5765,NHC-009 R1,NHC009R1,20,5240,4762,2,660,0,,,,,,,FALSE,0,,,,,3/17/2026,,,2,,
5766,PB-470X300 ND,PB470X300ND,437,2,4763,2,700,0,,,,,,,FALSE,0,,,,,3/19/2026,,新規金型,2,,
5768,MTM-195D R1,MTM195DR1,9,2,4764,2,711,0,,,,,,,FALSE,0,,,,,3/24/2026,,,2,,
5769,MTM-193 R3,MTM193R3,9,5245,4765,2,700,0,,,,,,,FALSE,0,,,,,3/24/2026,,新規金型,2,,
5770,JAE-376 R2,JAE376R2,177,5246,4766,1,700,0,,,,,,,FALSE,0,,,,,3/25/2026,,新規金型,2,,
5771,SMK-229,SMK229,71,5247,4767,3,0,0,,,,,[旧RackLayer 703] 坂田精文堂,,FALSE,0,,,,,3/25/2026,,,3,,
5773,TE-7-129-3,TE71293,93,2,4768,1,0,0,,,,,[旧RackLayer 702] 茨城工場,,FALSE,0,,,,,3/27/2026,,,1,,
5774,JAE-375 R1,JAE375R1,177,5250,4769,1,700,0,,,,,,,FALSE,0,,,,,3/28/2026,,新規金型,2,,
5775,MDS-008D,MDS008D,210,5251,4770,2,711,0,,,,,,,FALSE,0,,,,,3/30/2026,,,2,,
5776,ASH-020 R1,ASH020R1,123,5252,4771,2,125,0,,,,,,,FALSE,0,,,,,3/30/2026,,,2,,
5777,WB-355X240 UPPER,WB355X240UPPER,438,5253,4772,2,700,5,,,,,,,FALSE,0,,,,,3/31/2026,,新規金型,2,,
5778,WB-355X240 UNDER,WB355X240UNDER,438,5255,4773,2,700,5,,,,,,,FALSE,0,,,,,3/31/2026,,新規金型,2,,
5779,ATS-026 No2,ATS026No2,,231,209,1,0,2,,,,,[旧RackLayer 702] 茨城工場,,TRUE,143,,,,,4/1/2026,386,,1,,
5780,PB-460X330 ZA,PB460X330ZA,437,2,4774,2,700,6,,,,,,,FALSE,0,,,,,4/1/2026,,新規金型,2,,
5781,MTM-191 R5,MTM191R5,9,5258,4775,2,700,0,,,,,,,FALSE,0,,,,,4/2/2026,,新規金型,2,,
5782,MTM-197 DR1,MTM197DR1,9,5259,4776,2,711,0,,,,,,,FALSE,0,,,,,4/2/2026,,,2,,
5783,MDS-009D,MDS009D,210,5260,4777,2,711,0,,,,,,,FALSE,0,,,,,4/6/2026,,,2,,
5784,MTM-196D R2,MTM196DR2,9,5261,4778,2,711,0,,,,,,,FALSE,0,,,,,4/7/2026,,,,,
5785,SIT-030D R1,SIT030DR1,62,5262,4779,2,711,0,,,,,,,FALSE,0,,,,,4/8/2026,,,,,
5786,SRI-008D,SRI008D,79,5263,4780,2,711,0,,,,,,,FALSE,0,,,,,4/13/2026,,,,,
5787,SMK-227 R1,SMK227R1,71,5222,4781,2,700,0,,,,,,,FALSE,0,,,,,4/13/2026,,,,,
5788,SMK-228 R1,SMK228R1,71,5264,4782,2,700,0,,,,,,,FALSE,0,,,,,4/14/2026,,,,,
5789,MTM-195 R1,MTM195R1,9,5243,4783,2,700,0,,,,,,,FALSE,0,,,,,4/15/2026,,,,,
5790,YCM-079D,YCM079D,230,5265,4784,2,711,0,,,,,,,FALSE,0,,,,,4/17/2026,,,,,
5791,THP-009 R1,THP009R1,94,5266,4785,2,700,0,,,,,,,FALSE,0,,,,,4/17/2026,,,,,
5792,MDS-010D,MDS010D,210,5267,4786,2,711,0,,,,,,,FALSE,0,,,,,4/17/2026,,,,,
5793,CHG-012 R2,CHG012R2,432,5268,4787,2,700,0,,,,,,,FALSE,0,,,,,4/20/2026,,,,,
5794,CHG-013 R2,CHG013R2,432,5269,4788,2,700,0,,,,,,,FALSE,0,,,,,4/20/2026,,,,,
5795,PB-355X260 Z,PB355X260Z,437,5270,4789,2,700,0,,,,,,,FALSE,0,,,,,4/20/2026,,,,,
5796,KOS-033,KOS033,195,5271,4790,2,700,0,,,,,,,FALSE,0,,,,,4/24/2026,,,,,
5797,KOS-034,KOS034,195,5272,4791,2,700,0,,,,,,,FALSE,0,,,,,4/24/2026,,,,,
5798,SIT-030 R1,SIT030R1,62,5273,4793,2,700,0,,,,,,,FALSE,0,,,,,4/25/2026,,,,,
5799,IRI-003,IRI003,439,5274,4797,2,700,0,,,,,,,FALSE,0,,,,,4/28/2026,,,,,
5800,MTM-196 R2,MTM196R2,9,5275,4798,2,700,0,,,,,,,FALSE,0,,,,,4/30/2026,,,,,
5801,MTM-197 R1,MTM197R1,9,5259,4799,2,700,0,,,,,,,FALSE,0,,,,,4/30/2026,,,,,
5802,MDS-008,MDS008,210,5251,4800,2,700,0,,,,,,,FALSE,0,,,,,5/2/2026,,,,,
5803,YCM-080D,YCM080D,230,2,4801,2,711,0,,,,,,,FALSE,0,,,,,5/2/2026,,,,,
5804,KSP-211 R6,KSP211R6,199,5194,4802,2,700,0,,,,,,,FALSE,0,,,,,5/7/2026,,,,,
5805,KSP-212 R3,KSP212R3,199,5278,4803,2,700,0,,,,,,,FALSE,0,,,,,5/7/2026,,,,,
5806,PB-560X360X50,PB560X360X50,437,5279,4804,2,700,0,,,,,,,FALSE,0,,,,,5/9/2026,,,,,
5807,KSP-213 R1,KSP213R1,199,5280,4805,2,700,0,,,,,,,FALSE,0,,,,,5/11/2026,,,,,
5808,MDS-009,MDS009,210,5281,4806,2,700,0,,,,,,,FALSE,0,,,,,5/11/2026,,,,,
5809,KSP-214 R1,KSP214R1,199,5282,4807,2,700,0,,,,,,,FALSE,0,,,,,5/13/2026,,,,,
5810,KOS-035,KOS035,195,5283,4808,2,700,0,,,,,,,FALSE,0,,,,,5/13/2026,,,,,
5811,SMK-226,SMK226,71,5284,4809,2,700,0,,,,,,,FALSE,0,,,,,5/13/2026,,,,,
5812,KOS-036,KOS036,195,5285,4810,2,700,0,,,,,,,FALSE,0,,,,,5/13/2026,,,,,
5813,MDS-011,MDS011,210,5286,4811,2,700,0,,,,,,,FALSE,0,,,,,5/13/2026,,,,,
